"TOA5","FRH - USAid University of Fort Hare","Latitude: -32.78461","Longitude: 26.8452","Elevation: 540 m",,,SAURAN
"Date","RecNum","GHI_CMP11","DNI_CHP1","DHI_CMP11","Air_Temp","BP","RH","Rain_Tot","WS","WD","WD_SD","RH_Max","RH_Min","DNICalc_Max","Temp_Max","Temp_Min","LoggerTemp_Min","LoggerTemp_Max","LoggerStationName","LoggerSerialNumber","Calc_Azimuth_Avg","Calc_Tilt_Avg","SolarTemp_Avg","Bat12V_Avg","Bat24V_Avg","GHI_Min","GHI_Max","DIF_Min","DIF_Max","DNI_Min","DNI_Max","Calc_Azimuth_Min","Calc_Azimuth_Max","Calc_Tilt_Min","Calc_Tilt_Max","DNICalc_Min","SolarTemp_SN","SolarTemp_Min","SolarTemp_Max","Bat12V_Min","Bat12V_Max","Bat24V_Min","Bat24V_Max"
"TS","RN","W/m^2","W/m^2","W/m^2","Deg C","mbar","%","mm","meters/second","Deg","Deg","%","%","","Deg C","Deg C","Deg C","Deg C","","","","","DegC","Volts","Volts","W/m^2","W/m^2","W/m^2","W/m^2","W/m^2","W/m^2","","","","","W/m^2","","DegC","DegC","Volts","Volts","Volts","Volts"
"","","Avg","Avg","Avg","Avg","Avg","Smp","Tot","WVc","WVc","WVc","Max","Min","Max","Max","Min","Min","Max","Smp","Smp","Avg","Avg","Avg","Avg","Avg","Min","Max","Min","Max","Min","Max","Min","Max","Min","Max","Min","Smp","Min","Max","Min","Max","Min","Max"
2017-02-09 00:00,0,150.28,14.3702,135.614,21.21,952,93.6,0.2,1.184,139.1,35.19,97.777,0,949.511,26.378,0,20.34,28.3
2017-02-10 00:00,1,123.817,3.15537,121.281,20.37,954,93.4,0,0.925,137.8,34.77,95.964,68.602,277.255,24.434,17.67,19.81,26.41
2017-02-11 00:00,2,306.476,282.396,68.9495,24.17,951,85.5,0,0.941,141.9,51.48,98.402,32.902,1023.93,35.195,17.388,19.7,37.35
2017-02-12 00:00,3,232.286,195.625,67.205,25.99,947,87,7.8,1.725,12.45,69.08,96.352,25.698,1014.55,37.388,20.341,21.97,38.55
2017-02-13 00:00,4,83.0786,0.552045,81.8077,20.68,951,98.6,0.2,0.976,209.1,58.49,98.792,58.992,61.0717,23.792,17.68,20.13,25.89
2017-02-14 00:00,5,234.367,162.261,101.651,22.04,950,99.5,4.8,1.001,193.6,42.44,99.576,49.974,1036.24,30.38,17.579,19.34,31.97
2017-02-15 00:00,6,314.971,261.557,119.517,20.94,953,92.6,2.4,1.965,129.1,34.9,99.998,57.967,1055.95,27.117,16.906,18.51,29.32
2017-02-16 00:00,7,245.856,170.327,100.439,25.8,951,63.17,5,2.82,47.97,42.71,97.039,37.14,1029.76,35.394,19.146,20.66,36.32
2017-02-17 00:00,8,293.274,324.786,60.6226,27.08,951,84.5,0,1.021,185.1,56.97,94.176,26.798,983.481,39.001,19.71,22.33,41.19
2017-02-18 00:00,9,285.134,295.21,64.5592,25.2,953,88.4,0,0.987,150,40.6,93.226,44.375,987.431,35.433,19.598,21.92,37.48
2017-02-19 00:00,10,247.923,271.356,50.8259,26.71,951,82,0.8,1.254,215.6,61.93,96.947,23.994,976.664,41.284,17.027,19.7,42.11
2017-02-20 00:00,11,77.6201,0.297969,76.6265,16.23,959,88.5,12.4,1.07,129.4,58.32,98.531,79.4,10.3821,17.659,15.116,17.06,19.89
2017-02-21 00:00,12,169.861,34.906,141.958,17.57,957,81.5,0,1.802,127.6,30.87,94.512,66.396,997.515,21.636,15.478,17.16,23.61
2017-02-22 00:00,13,191.095,57.6132,145.371,17.86,954,84.1,0,2.227,119.2,28.52,90.148,58.054,1036.69,22.57,15.188,16.91,24.6
2017-02-23 00:00,14,274.666,238.424,131.76,19.27,955,79.01,0,1.89,119.1,28.63,94.945,56.966,1047.56,25.776,13.808,16,27.69
2017-02-24 00:00,15,326.625,448.904,34.1499,22.34,953,79.93,0,1.545,78.41,38.32,95.254,35.355,1038.38,32.188,13.023,15.46,34.27
2017-02-25 00:00,16,227.165,152.993,149.319,25.54,949,58.27,0,0.83,17.7,61.92,92.43,25.13,982.421,35.285,16.665,19.1,37.35
2017-02-26 00:00,17,193.981,188.029,71.5983,20.43,953,56.8,0,1.597,223.2,49.51,81.88,48.34,944.554,27.248,16.183,18.43,28.62
2017-02-27 00:00,18,255.062,194.1,132.658,17.77,958,76.58,0,1.054,206.3,58.61,78.09,32.222,1059.41,25.956,13.316,15.97,28.89
2017-02-28 00:00,19,318.389,446.602,26.4899,19.31,953,88.9,0,1.02,126.7,48.92,92.252,31.206,1039.28,30.77,9.618,12.33,32.62
2017-03-01 00:00,20,291.014,366.702,51.377,27.12,947,39.55,0,1.22,298.7,65.45,97.078,15.566,1013.2,39.74,13.284,15.95,40.86
2017-03-02 00:00,21,260.849,225.714,80.8385,24.53,952,85.5,0,1.246,156.1,50.3,85.621,36.429,933.051,32.08,19.93,22.56,34.15
2017-03-03 00:00,22,241.939,217.076,60.8187,25,949,54.01,0,0.881,118.1,62.25,89.216,35.808,967.642,35.214,18.695,21.18,36.32
2017-03-04 00:00,23,305.496,410.14,32.1701,24.08,947,71.65,0,1.262,138.7,48.88,73.846,23.718,1017.44,32.518,19.177,21.7,33.89
2017-03-05 00:00,24,279.694,307.616,56.8207,22.53,946,87.7,0,1.049,165.9,41.14,88.34,40.733,985.336,31.16,17.932,20.18,33.06
2017-03-06 00:00,25,241.783,219.766,75.4943,22.22,950,65.67,0,1.179,165.2,54.03,96.742,43.353,1015.08,29.4,17.81,20.61,31.37
2017-03-07 00:00,26,301.475,420.031,30.7772,23.69,953,86.7,0,0.875,156.1,51.49,87.562,20.148,1026.64,35.542,14.503,17.44,37.02
2017-03-08 00:00,27,264.352,268.617,64.5504,22.77,952,90.3,0,1.173,133,49.12,91.3,49.539,985.213,30.458,18.394,21.18,32.19
2017-03-09 00:00,28,266.577,302.642,49.6454,24.51,952,76.04,0,0.97,195.9,61.19,91.625,27.172,987.522,34.105,18.776,21.97,36.16
2017-03-10 00:00,29,92.6335,1.59501,90.3177,16.75,961,83.7,6.8,1.176,168.1,52.06,97.945,65.58,564.232,19.689,13.678,15.9,22
2017-03-11 00:00,30,302.506,427.674,27.2811,18.06,960,82.1,0,2.184,104.5,28.08,95.273,38.028,1052.99,25.988,11.17,13.02,27.56
2017-03-12 00:00,31,293.718,429.763,23.563,22.53,951,32.69,0,1.019,210.6,55.39,94.324,11.005,1025.47,37.149,9.526,12.07,38.08
2017-03-13 00:00,32,144.544,40.0258,118.289,18.34,956,90.6,0,1.505,179,58.35,92.123,28.394,952.091,23.041,14.855,17.26,24.84
2017-03-14 00:00,33,224.338,195.066,91.2025,18.99,956,92.9,0,1.037,159.4,43.23,96.728,49.566,997.421,26.796,12.902,15.21,28.07
2017-03-15 00:00,34,146.442,61.2977,96.6867,21.41,950,90.3,11.4,1.527,71.68,58.76,96.76,43.65,926.201,30.439,17.328,19.68,31.16
2017-03-16 00:00,35,181.856,160.442,70.8448,19.42,949,66.63,0,1.41,230,52.31,96.766,39.113,993.689,26.257,15.911,18.35,27.15
2017-03-17 00:00,36,285.073,419.011,25.2353,19.85,952,81.3,0,0.846,85.2,58.54,85.68,29.176,1023.38,30.51,11.412,13.87,31.12
2017-03-18 00:00,37,285.603,427.615,23.391,25.73,950,78.25,0,1.139,329.7,65.21,90.5,9.572,1036.23,39.541,13.144,15.43,39.85
2017-03-19 00:00,38,222.926,229.579,73.9566,20.48,959,67.33,0,1.13,226.6,42.97,88.828,42.005,952.63,26.337,14.975,18.12,27.59
2017-03-20 00:00,39,224.347,228.458,72.6142,18.06,966,93.6,0,1.219,145.6,39.53,97.14,65.042,1017.74,23.232,14.462,17.09,24.89
2017-03-21 00:00,40,255.862,325.15,38.7338,20.58,960,87,0,0.796,109.6,57.55,99.898,32.586,1023.09,32.1,13.225,15.95,32.84
2017-03-22 00:00,41,260.164,355.393,33.7799,25.62,955,46.59,0,1.133,129.6,67.2,96.052,21.698,966.723,36.73,14.01,16.86,37.44
2017-03-23 00:00,42,251.123,336.939,40.672,28.67,952,55.16,0,1.198,182,70.97,70.184,18.111,946.159,37.587,19.096,22.53,38.68
2017-03-24 00:00,43,161.745,116.561,80.803,26.05,949,90,1.2,1.185,157.6,72.97,91.324,17.995,945.368,36.691,17.691,21.23,37.52
2017-03-25 00:00,44,47.1354,0.141846,46.5572,14.64,957,90.4,8,1.401,230.8,35.71,97.156,79.43,40.9052,17.952,12.902,14.88,21.23
2017-03-26 00:00,45,143.287,44.4314,121.943,14.76,961,92.7,0,0.882,196.1,52.12,92.707,46.115,953.024,20.662,11.21,13.71,21.86
2017-03-27 00:00,46,252.128,342.923,46.3892,16.88,955,79.13,0,0.823,79.7,44.73,98.964,32.246,1027.4,27.088,7.581,10.09,27.31
2017-03-28 00:00,47,252.43,374.574,33.8701,19.06,953,86,0,0.874,114,49.55,89.09,19.458,1035.64,28.93,11.503,13.99,29.18
2017-03-29 00:00,48,246.217,298.551,58.6621,18.02,957,84.4,0,1.081,134.8,72.39,95.68,37.523,1007.48,25.856,11.735,14.28,27.06
2017-03-30 00:00,49,253.017,374.809,28.8539,18.76,957,89.9,0,0.859,138.1,56.99,96.623,38.587,996.04,28.359,10.606,13.47,29.18
2017-03-31 00:00,50,258.153,409.967,20.8796,26.12,951,18.71,0,1.403,334.3,63.17,94.441,7.38,1037.82,38.804,12.742,15.04,38.51
2017-04-01 00:00,51,168.27,165.804,80.4463,25.93,952,47.87,0,0.963,124.2,56.14,52.765,15.942,933.577,34.735,19.218,22.36,34.38
2017-04-02 00:00,52,155.019,65.8462,112.528,19.22,957,91.5,0,1.146,116.7,51.58,91.742,45.74,955.609,25.506,15.498,18.51,26.81
2017-04-03 00:00,53,236.812,345.595,37.495,23.24,952,73.67,0,0.834,97.9,50.27,97.55,22.688,936.525,35.912,12.248,14.71,35.36
2017-04-04 00:00,54,239.027,367.132,25.4636,20.96,956,88.1,0,1.042,125.7,53.53,91.632,30.466,980.322,29.76,13.648,17.09,30.22
2017-04-05 00:00,55,221.572,296.788,53.1971,24.19,953,87.6,0,1.545,138.9,57.19,91.836,13.126,948.684,36.589,14.2,16.96,36.32
2017-04-06 00:00,56,171.291,118.285,83.7848,20.88,955,69.02,0,0.9,202.8,40.25,91.894,44.554,809.562,28.13,17.097,19.73,29.55
2017-04-07 00:00,57,43.3621,0.15145,42.8379,14.1,962,93.1,4.6,1.611,144.2,44.48,98.947,68.094,39.8989,17.398,12.942,14.59,19.76
2017-04-08 00:00,58,138.879,65.5348,96.8768,18.15,957,95.9,0,0.61,217.2,60.44,99.998,57.035,782.388,24.684,12.5,14.11,25.31
2017-04-09 00:00,59,176.15,143.956,88.406,21.07,957,90.9,0,0.676,146.2,45.44,98.386,46.77,788.353,28.451,17.348,20,28.4
2017-04-10 00:00,60,217.998,314.582,31.8153,23.34,954,79.44,1.6,1.364,64.61,55.31,97.334,27.064,922.945,34.505,14.814,17.24,33.59
2017-04-11 00:00,61,106.816,61.7751,72.7956,21.45,954,96.9,10.4,1.118,99.4,58.54,97.302,42.408,913.906,29.958,17.952,20.02,30.16
2017-04-12 00:00,62,151.036,52.5065,117.994,19.39,954,98.2,0,0.726,120.6,41.79,98.8,59.388,907.257,24.584,15.649,18.3,25.67
2017-04-13 00:00,63,180.509,205.227,52.0945,22.2,947,61.29,0,1.064,16.93,60.47,99.828,21.282,1008.6,33.628,12.892,15.07,32.3
2017-04-14 00:00,64,62.428,6.53242,56.8108,17.42,947,70.09,0.2,1.168,248.6,63.51,91.736,44.775,657.591,24.542,11.009,13.87,25.1
2017-04-15 00:00,65,182.469,174.028,76.0051,12.35,958,66.91,0,1.992,247,39.37,80.664,33.125,1050.52,17.188,9.678,11.7,18.25
2017-04-16 00:00,66,138.379,72.5266,90.0625,12.02,965,75.56,0,1.642,249.4,35.8,77.484,44.968,978.768,16.544,8.67,10.25,17.79
2017-04-17 00:00,67,119.701,26.9029,101.578,15.32,962,82.1,0,1.461,251.3,36.92,82.348,50.398,994.516,20.814,11.371,13.28,21.81
2017-04-18 00:00,68,92.0932,31.9174,73.8577,15.16,959,93.2,0.2,1.289,245.3,48.25,95.758,55.59,990.281,20.522,9.96,12.95,20.56
2017-04-19 00:00,69,210.453,332.037,28.3267,15.82,958,87.3,0,0.78,108.2,61.88,94.373,31.734,997.062,24.494,9.659,12.23,23.7
2017-04-20 00:00,70,211.852,364.151,22.7422,15.01,958,88.8,0,0.897,87.4,50.38,97.863,29.718,982.889,24.504,6.956,9.79,23.84,Solys_Met_Station,81306,0.138,98,0,13.6293,22.9178,0,762.984,0,68.2831,0,986.112,-179.4,179.9,44.08,158.5,0,0,0,0,13.54,13.66,22.7,23.23
2017-04-21 00:00,71,212.135,363.075,24.3092,15.28,959,92.7,0,0.964,95.3,54.78,97.611,37.349,1000.43,24.434,7.178,9.95,23.78,Solys_Met_Station,81306,0.085,98.3,0,13.6269,21.9693,0,843.126,0,221.107,0,982.302,-179.6,179.7,44.43,158.8,0,0,0,0,13.52,13.65,19.69,26.54
2017-04-22 00:00,72,95.1068,0.303035,94.0052,18.51,957,71.89,0,1.025,106.5,45,79.63,0,29.3189,25.856,0,14.95,25.43,Solys_Met_Station,81306,-92.3,109.3,0,13.5969,26.6802,0,576.983,0,573.876,0,3.35043,-171.6,0,0,159.2,0,0,0,0,13.5,13.65,0,28.73
2017-04-23 00:00,73,210.607,0.832712,208.549,16.69,957,81.2,0,0.72,103.2,44.7,89.228,16.016,35.3207,28.85,7.157,9.75,27.69,Solys_Met_Station,81306,-0.015,98.8,0,13.634,27.1475,0,760.359,0,755.866,0,4.18795,-179.8,179.4,45.1,159.5,-5.4561,0,0,0,13.55,13.67,25.34,28.81
2017-04-24 00:00,74,146.098,0.569022,144.667,14.64,959,83,0,0.783,103,48.18,95.98,40.116,57.7761,23.43,7.076,10.93,23.27,Solys_Met_Station,81306,-0.063,99,0,13.6377,27.0044,0,1031.33,0,1048.21,0,4.60708,-179.9,179.3,45.43,159.9,-25.6873,0,0,0,13.58,13.67,26.32,28.8
2017-04-25 00:00,75,144.338,0.373701,142.76,15.12,960,94.9,0,1.118,139.3,39.33,95.432,57.805,413.669,20.502,12.097,14.83,21.45,Solys_Met_Station,81306,0.142,99.2,0,13.6362,25.9147,0,1107.98,0,1113.65,0,2.51293,-179.4,179.9,45.76,160.2,-20.9061,0,0,0,13.54,13.66,25.55,26.32
2017-04-26 00:00,76,184.944,0.654324,183.171,15.7,958,93.9,0,0.771,143.1,52.96,95.996,42.152,23.8313,24.173,10.757,14.44,23.75,Solys_Met_Station,81306,0.098,99.5,0,13.6354,25.3156,0,725.634,0,721.75,0,3.76971,-179.5,179.7,46.09,160.5,-28.5488,0,0,0,13.55,13.66,25.05,28.64
2017-04-27 00:00,77,183.728,0.575537,182.322,18.12,955,72.23,0,0.807,123.6,55.36,97.836,26.443,137.727,28.9,7.44,10.22,28.56,Solys_Met_Station,81306,0.057,99.7,0,13.6353,24.7746,0,874.186,0,869.141,0,3.35037,-179.6,179.6,46.41,160.8,-430.016,0,0,0,13.52,13.66,24.55,25.05
2017-04-28 00:00,78,159.646,0.409532,157.991,21.94,956,52.02,0,1.416,24.03,60.97,81.332,24.77,42.3535,30.13,14.915,17.41,29.68,Solys_Met_Station,81306,0.018,99.9,0,13.6362,24.3151,0,908.636,0,933.08,0,3.76872,-179.7,179.5,46.73,161.2,-25.0599,0,0,0,13.57,13.66,24.1,24.55
2017-04-29 00:00,79,186.986,0.703957,185.222,22.92,959,45.86,0,0.737,82.8,54.29,76.152,19.966,44.1553,33.378,13.235,16.64,31.83,Solys_Met_Station,81306,-0.02,100.1,0,13.6382,25.6651,0,697.317,0,692.624,0,4.18734,-179.8,179.4,47.04,161.5,-10.5641,0,0,0,13.58,13.67,23.86,28.79
2017-04-30 00:00,80,,0.604878,,21.16,962,70.48,0,1.078,109.7,46.19,72.613,14.64,50.6521,31.659,11.956,15.97,30.88,Solys_Met_Station,81306,-0.055,100.3,0,13.6398,27.2873,,,,,0,3.35002,-179.9,179.3,47.36,161.8,-17.5111,0,0,0,13.57,13.67,26.68,28.79
2017-05-01 00:00,81,184.394,0.655058,182.42,19.25,959,39.42,0,0.788,110.5,43.53,88.871,20.105,24.849,31.451,8.469,11.47,30.29,Solys_Met_Station,81306,0.162,100.5,0,13.639,27.2843,0,687.314,0,682.035,0,3.35036,-179.3,179.9,47.66,162.1,-14.0279,0,0,0,13.56,13.67,27.27,27.29
2017-05-02 00:00,82,151.575,0.46023,149.233,23.8,957,60.95,0,0.809,21.4,69.59,62.085,19.25,33.2912,32.328,16.515,19.05,31.83,Solys_Met_Station,81306,0.131,100.8,0,13.6373,27.2826,0,783.935,0,778.961,0,3.34981,-179.4,179.8,47.97,162.4,-33.402,0,0,0,13.54,13.67,27.27,27.29
2017-05-03 00:00,83,120.404,0.303663,119.146,20.74,959,70.57,0,1.18,63.66,53.13,78.457,31.138,38.5032,28.65,15.69,19.1,28.36,Solys_Met_Station,81306,0.102,101,0,13.6364,27.2437,0,948.811,0,952.74,0,3.35036,-179.5,179.7,48.26,162.7,-16.5398,0,0,0,13.55,13.66,26.42,28.79
2017-05-04 00:00,84,89.486,0.258872,88.6893,17.37,958,98.3,8,1.062,70.96,68.55,98.516,56.417,46.35,23.702,13.808,17.11,23.84,Solys_Met_Station,81306,0.076,101.2,0,13.6362,26.6804,0,1076.04,0,1091.28,0,4.18852,-179.5,179.6,48.56,163,-70.2525,0,0,0,13.52,13.67,25.85,28.79
2017-05-05 00:00,85,45.5097,0.0850233,44.9761,14.86,956,95.3,16.4,0.578,96.5,53.23,99.128,90.986,16.219,16.002,14.08,15.68,17.34,Solys_Met_Station,81306,0.052,101.4,0,13.6356,25.4407,0,698.816,0,699.457,0,1.25681,-179.6,179.5,48.85,163.3,-104.449,0,0,0,13.5,13.66,25.09,25.86
2017-05-06 00:00,86,173.071,0.432797,172.899,20.13,952,65.35,0,1.152,318.8,66.01,99.998,26.394,190.948,30.26,11.1,12.84,28.76,Solys_Met_Station,81306,0.03,101.6,0,13.6366,24.8094,0,669.433,0,681.481,0,2.51357,-179.7,179.4,49.13,163.6,-202.635,0,0,0,13.51,13.66,24.58,25.08
2017-05-07 00:00,87,105.566,0.311206,104.484,16.86,954,99.1,0.6,0.91,171.4,63.41,99.188,64.878,57.233,21.947,13.023,15.8,22.7,Solys_Met_Station,81306,0.01,101.8,0,13.6354,24.3483,0,884.539,0,899.11,0,2.93224,-179.7,179.4,49.41,163.8,-65.1799,0,0,0,13.56,13.66,24.16,24.58
2017-05-08 00:00,88,155.222,0.416691,153.38,15.29,957,85,0.2,0.761,154.7,55.31,99.998,48.688,50.1507,21.344,11.232,14.28,21.26,Solys_Met_Station,81306,-0.007,101.9,0,13.6328,24.0192,0,878.765,0,883.84,0,3.351,-179.8,179.3,49.69,164.1,-45.8279,0,0,0,13.57,13.66,23.9,24.16
2017-05-09 00:00,89,110.97,0.366595,109.83,16.53,956,70.93,0,0.921,45.16,59.53,97.902,28.42,55.8326,28.138,8.508,10.72,25.67,Solys_Met_Station,81306,-0.022,102.1,0,13.6322,23.7881,0,897.423,0,904.742,0,2.51362,-179.9,179.2,49.96,164.4,-18.1457,0,0,0,13.53,13.66,23.71,23.9
2017-05-10 00:00,90,155.18,0.400527,153.287,17.82,956,95.7,2.2,1.295,110.8,56.08,96.355,40.749,33.9004,22.409,13.668,15.63,22.81,Solys_Met_Station,81306,-0.035,102.3,0,13.6316,23.5838,0,634.474,0,630.508,0,2.51358,-179.9,179.2,50.23,164.6,-27.7732,0,0,0,13.57,13.66,23.45,23.71
2017-05-11 00:00,91,161.94,0.349768,159.349,19.77,954,43.1,0,1.016,0.48,60.09,99.281,27.142,219.984,30.138,10.182,12.33,29.12,Solys_Met_Station,81306,-0.045,102.5,0,13.6315,23.3327,0,662.448,0,656.508,0,2.51357,-179.9,179.1,50.49,164.9,-508.52,0,0,0,13.56,13.66,23.22,26.68
2017-05-12 00:00,92,100.244,0.27866,98.8377,18.84,956,94.8,4,1.814,247.2,56.51,94.804,34.569,48.926,25.036,11.574,13.8,24.89,Solys_Met_Station,81306,-0.053,102.7,0,13.6317,23.0731,0,897.129,0,918.375,0,2.09398,-180,179.1,50.75,165.2,-51.4897,0,0,0,13.54,13.66,22.82,26.83
2017-05-13 00:00,93,58.7064,0.0825595,58.1388,11.22,967,99.3,9.4,0.881,180.2,50.91,99.342,79.531,176.707,14.241,9.216,11.02,14.4,Solys_Met_Station,81306,0.189,102.8,0,13.6279,22.5205,0,794.039,0,828.574,0,1.67574,-179.1,179.9,51,165.4,-205.639,0,0,0,13.52,13.65,22,22.82
2017-05-14 00:00,94,140.002,0.586919,138.533,11.42,967,86,0.2,1.462,99.4,28.93,99.998,45.9,51.1367,18.193,7.44,9.52,17.34,Solys_Met_Station,81306,0.188,103,0,13.3031,15.423,0,1000.03,0,1003.67,0,3.77042,-179.1,179.9,51.25,165.6,-42.6906,0,0,0,12.74,13.64,7.23,22
2017-05-15 00:00,95,164.138,0.746879,162.508,11.57,963,95.5,0,1.104,93.7,42.69,95.996,56.069,45.4674,18.232,6.532,8.21,17.69,Solys_Met_Station,81306,0.187,103.2,0,12.7047,7.33086,0,855.059,0,850.867,0,3.35149,-179.1,179.9,51.49,165.9,-37.7142,0,0,0,12.56,12.78,6.807,8.74
2017-05-16 00:00,96,161.835,0.719923,160.19,13.57,961,89.9,0,1.488,92.2,35.44,97.203,49.894,538.929,22.529,5.28,7.575,21.78,Solys_Met_Station,81306,0.184,103.3,0,12.555,7.11878,0,797.872,0,818.301,0,3.35149,-179,180,51.73,166.1,-76.9717,0,0,0,12.4,13.19,6.576,28.58
2017-05-17 00:00,97,160.555,0.863368,158.322,16.35,957,72.59,0,0.818,63.05,60.42,98.516,25.251,135.455,26.218,8.993,11.06,24.63,Solys_Met_Station,81306,0.192,103.5,0,12.5001,10.4512,0,622.055,0,617.521,0,4.18833,-179,179.9,51.96,166.3,-168.601,0,0,0,12.27,13.19,6.824,27.75
2017-05-18 00:00,98,161.51,0.705724,160.062,15.44,956,84.6,0,0.957,131.4,66.94,86.598,31.63,59.7678,22.018,8.57,11.56,22.17,Solys_Met_Station,81306,-0.052,103.6,0,13.4604,27.7653,0,622.454,0,618.46,0,3.76916,-179.9,179,52.18,166.6,-39.6451,0,0,0,13.17,13.6,27.27,28.79
2017-05-19 00:00,99,151.701,0.737907,150.213,15.83,957,80.4,0,0.84,62.38,49.86,94.432,43.384,28.4292,23.251,11.352,13.71,22.25,Solys_Met_Station,81306,-0.042,103.8,0,13.608,26.948,0,664.216,0,657.648,0,4.18856,-180,179,52.4,166.8,-7.17884,0,0,0,13.54,13.65,26.15,27.29
2017-05-20 00:00,100,160.093,0.77753,158.636,16.95,959,51.42,0,1.003,60.29,59.69,93.25,18.088,216.95,29.17,7.804,10.16,27.91,Solys_Met_Station,81306,-0.034,103.9,0,13.6274,26.3069,0,618.19,0,614.74,0,3.76918,-179.9,179,52.62,167,-7.65146,0,0,0,13.55,13.66,25.75,28.79
2017-05-21 00:00,101,162.442,0.629845,160.577,19.64,960,94.8,0,1.444,50.02,60.22,94.976,12.974,18.625,29.38,10.728,14.97,28.56,Solys_Met_Station,81306,-0.021,104.1,0,13.6329,25.4465,0,632.045,0,625.765,0,3.76855,-179.8,179.1,52.83,167.2,-7.13507,0,0,0,13.54,13.66,25.11,25.79
2017-05-22 00:00,102,159.377,0.775152,157.932,16.77,957,36.44,0,0.987,32.08,61.2,96.859,13.747,41.6093,29.109,6.512,9.52,27.72,Solys_Met_Station,81306,-0.006,104.2,0,13.6338,24.7831,0,617.438,0,611.995,0,4.18852,-179.8,179.1,53.03,167.4,-11.2423,0,0,0,13.57,13.66,24.52,25.11
2017-05-23 00:00,103,127.155,0.385723,125.514,20.93,954,66.94,0,1.045,303.1,64.1,70.668,15.294,32.4297,29.41,11.17,15.7,28.85,Solys_Met_Station,81306,0.011,104.3,0,13.6361,25.1328,0,699.63,0,716.745,0,2.51256,-179.7,179.2,53.23,167.6,-11.9009,0,0,0,13.55,13.67,24.13,28.8
2017-05-24 00:00,104,147.011,0.455784,145.349,21,952,18.02,0,1.413,311.1,61.36,73.066,12.83,26.1151,29.041,9.659,13.09,28.76,Solys_Met_Station,81306,0.03,104.4,0,13.6406,27.1766,0,673.247,0,666.643,0,2.5125,-179.6,179.3,53.42,167.8,-11.1845,0,0,0,13.54,13.67,26.16,28.8
2017-05-25 00:00,105,140.226,0.274132,138.291,22.08,950,82.2,0,2.041,261.1,53.56,83.848,16.409,31.2061,28.42,11.735,15.39,28.92,Solys_Met_Station,81306,0.051,104.6,0,13.6392,25.672,0,689.159,0,684.268,0,2.51242,-179.5,179.3,53.6,168,0,0,0,0,13.57,13.66,25.2,26.16
2017-05-26 00:00,106,130.666,0.380226,129.344,13.95,953,93.6,0,0.727,89.8,51.06,93.576,45.187,23.2779,20.843,9.003,11.63,20.8,Solys_Met_Station,81306,0.074,104.7,0,13.6344,24.8261,0,629.233,0,621.419,0,2.93209,-179.4,179.4,53.78,168.1,-10.2626,0,0,0,13.55,13.66,24.49,25.2
2017-05-27 00:00,107,110.762,0.263023,109.635,12.88,952,74.69,0,0.916,197.7,67.4,96.363,55.937,41.8225,18.474,8.208,10.79,19.42,Solys_Met_Station,81306,0.099,104.8,0,13.6317,24.2171,0,714.742,0,709.665,0,2.5136,-179.3,179.6,53.96,168.3,-14.3452,0,0,0,13.56,13.66,23.99,24.49
2017-05-28 00:00,108,96.5293,0.205348,95.5255,13.59,956,72.18,0,1.431,247,46.29,79.861,33.245,62.4226,17.67,9.88,12.58,18.17,Solys_Met_Station,81306,0.124,104.9,0,13.632,23.8184,0,950.281,0,979.983,0,2.51361,-179.1,179.7,54.12,168.5,-70.9107,0,0,0,13.58,13.66,23.65,24
2017-05-29 00:00,109,65.9138,0.179132,65.217,12.74,965,87.4,0,1.367,275.6,47.49,88.15,48.833,33.9695,16.976,7.662,11.11,18.1,Solys_Met_Station,81306,0.155,105,0,13.6297,23.5141,0,658.784,0,671.591,0,1.25681,-179,179.8,54.29,168.7,-37.6539,0,0,0,13.51,13.65,23.38,23.66
2017-05-30 00:00,110,148.784,0.417827,147.624,12,966,78.82,0,0.679,108.1,47.22,96.078,36.286,194.954,21.997,4.684,7.094,21.29,Solys_Met_Station,81306,0.186,105.1,0,13.6284,23.2195,0,589.598,0,597.275,0,2.51361,-178.8,180,54.44,168.8,-53.4839,0,0,0,13.52,13.65,23.07,23.38
2017-05-31 00:00,111,147.16,0.339281,145.591,16.02,960,50.61,0,1.163,311.2,63.24,85.46,22.188,48.0232,26.337,6.067,8.75,25.37,Solys_Met_Station,81306,-0.032,105.2,0,13.6293,22.8731,0,582.41,0,576.649,0,2.51274,-179.8,178.9,54.59,169,-33.8152,0,0,0,13.54,13.65,22.66,23.07
2017-06-01 00:00,112,146.462,0.308673,144.646,19.87,957,61.29,0,1.412,4.669,69.24,61.49,18.772,27.9077,28.81,11.996,16,27.94,Solys_Met_Station,81306,0.003,105.3,0,13.6285,21.5886,0,583.173,0,577.572,0,2.51261,-179.6,179.1,54.73,169.1,-14.651,0,0,0,13.55,13.64,18.26,22.67
2017-06-02 00:00,113,133.958,0.353278,132.601,14.56,957,88.8,0,0.731,101.1,49.47,89.676,29.53,35.4964,23.191,7.338,10.16,22.78,Solys_Met_Station,81306,0.039,105.4,0,12.9937,9.61551,0,648.125,0,643.559,0,2.51337,-179.5,179.2,54.87,169.3,-23.1559,0,0,0,12.74,13.63,7.102,18.25
2017-06-03 00:00,114,136.623,0.360239,135.31,16.55,957,35.88,0,0.991,59.77,45.43,98.048,34.832,819.73,25.376,9.84,13.14,24.1,Solys_Met_Station,81306,0.076,105.5,0,12.732,7.32522,0,555.766,0,571.27,0,2.51362,-179.3,179.4,55,169.4,-10.7829,0,0,0,12.57,13.17,6.825,27.25
2017-06-04 00:00,115,143.991,0.292539,142.134,22.62,952,22.88,0,1.348,325.9,58.44,41.121,16.412,31.2607,28.439,16.625,17.97,28.01,Solys_Met_Station,81306,0.115,105.6,0,12.5294,6.99952,0,580.013,0,573.798,0,2.09403,-179.1,179.6,55.12,169.5,-6.96843,0,0,0,12.34,12.63,6.87,7.152
2017-06-05 00:00,116,138.627,0.380202,137.114,17.09,956,75.51,0,1.018,201.1,59.58,85.371,22.148,32.7347,23.662,12.358,15.04,23.75,Solys_Met_Station,81306,0.153,105.6,0,12.2727,6.90896,0,562.325,0,558.195,0,2.51349,-178.9,179.8,55.24,169.6,-7.40748,0,0,0,12.06,12.42,6.779,7.097
2017-06-06 00:00,117,129.521,0.321174,128.15,14.23,959,87.2,0,0.664,111.8,58.19,90.208,45.703,491.512,20.814,9.114,13.38,20.66,Solys_Met_Station,81306,-0.053,105.7,0,12.3163,13.3906,0,675.879,0,674.371,0,2.51361,-179.9,178.8,55.35,169.7,-15.9213,0,0,0,11.97,13.19,6.677,28.76
2017-06-07 00:00,118,144.702,0.234318,143.041,19.62,952,23.21,0,1.843,21.72,48.25,89.033,13.848,26.3721,28.6,8.953,12.3,28.07,Solys_Met_Station,81306,-0.01,105.8,0,13.4281,27.5593,0,576.893,0,571.929,0,1.67499,-179.7,179,55.45,169.9,-8.51832,0,0,0,13.11,13.58,27.27,28.8
2017-06-08 00:00,119,137.001,0.146048,135.288,22.72,944,47.01,0,4.108,296.3,57.92,57.492,13.41,22.8708,26.456,13.284,16.17,27,Solys_Met_Station,81306,0.034,105.8,0,13.598,27.2847,0,564.1,0,558.029,0,1.25649,-179.4,179.2,55.55,170,0,0,0,0,13.54,13.65,27.28,27.29
2017-06-09 00:00,120,58.1165,135.519,17.414,10.21,960,45.63,0,2.304,269.4,35.9,45.876,0,892.035,13.839,0,9.01,14.49,Solys_Met_Station,81306,-80.8,116.2,0,13.5874,27.2746,0,482.951,0,130.931,0,853.932,-163.2,0,0,169.7,0,0,0,0,13.52,13.66,0,27.29
2017-06-10 00:00,121,142.63,0.951862,140.807,8.97,960,22.45,0,0.821,96.8,55.57,68.762,17.36,34.6987,17.791,0.469,3.463,16.79,Solys_Met_Station,81306,0.126,106,0,13.5863,27.2865,0,717.626,0,713.158,0,5.4444,-178.9,179.7,55.72,170.1,-19.7944,0,0,0,13.51,13.66,27.28,27.48
2017-06-11 00:00,122,80.2769,0.203177,74.975,21.74,952,35.28,0,3.346,350,56.23,40.379,10.289,449.78,27.148,15.871,13.47,27,Solys_Met_Station,81306,-0.076,106,0,13.5907,27.0977,0,796.994,0,781.596,0,1.67463,-179.8,178.6,55.8,170.2,-7.01174,0,0,0,13.51,13.65,26.13,28.84
2017-06-12 00:00,123,125.942,0.383066,116.429,15.47,953,81.7,0,1.052,234.1,68.08,90.004,30.044,703.721,22.068,9.003,12.67,22.59,Solys_Met_Station,81306,-0.028,106,0,13.5892,27.1177,0,682.434,0,666.509,0,2.51241,-179.7,178.9,55.87,170.3,-3.18358,0,0,0,13.53,13.66,25.98,28.79
2017-06-13 00:00,124,106.978,0.346578,100.751,17.76,952,74.32,0,1.686,258.1,46.31,83.279,30.15,699.973,24.934,9.216,12.28,25.37,Solys_Met_Station,81306,0.021,106.1,0,13.594,27.2849,0,702.626,0,695.281,0,2.51209,-179.4,179.2,55.94,170.4,-40.2109,0,0,0,13.5,13.66,27.27,27.32
2017-06-14 00:00,125,143.306,0.423503,141.405,12.92,955,80.5,0,0.961,212.7,65.34,90.838,26.021,34.0768,22.699,4.997,8.33,22.5,Solys_Met_Station,81306,0.071,106.1,0,13.596,27.2865,0,604.951,0,598.477,0,2.5128,-179.1,179.5,55.99,170.4,-67.0101,0,0,0,13.5,13.66,27.28,27.29
2017-06-15 00:00,126,126.421,129.45,68.3735,11.84,956,91.9,0,0.904,104.2,47.67,94.875,45.952,921.296,19.598,6.37,10.02,19.78,Solys_Met_Station,81306,0.121,106.2,0,13.5914,27.2872,0,567.651,0,600.797,0,872.358,-178.9,179.7,56.04,170.5,-752.102,0,0,0,13.51,13.66,27.28,27.35
2017-06-16 00:00,127,140.28,276.939,25.4695,12.6,957,70.43,0,1.713,245.9,61.38,93.012,33.97,959.141,18.464,6.41,9.86,18.92,Solys_Met_Station,81306,-0.078,106.2,0,13.5925,27.2867,0,789.894,0,256.291,0,908.297,-179.8,178.7,56.08,170.5,-2.24511,0,0,0,13.51,13.65,27.28,27.29
2017-06-17 00:00,128,146.009,312.995,14.867,10.16,958,60.72,0,0.84,83.7,48.2,84.625,23.166,966.801,20.572,3.078,5.68,19.26,Solys_Met_Station,81306,-0.029,106.2,0,13.5913,27.287,0,579.307,0,46.8944,0,938.11,-179.6,178.9,56.12,170.6,0,0,0,0,13.51,13.65,27.28,27.3
2017-06-18 00:00,129,115.612,109.619,62.4216,14.66,956,75.47,0,2.003,246,62.81,79.502,16.855,762.519,23.05,5.522,8.79,23.01,Solys_Met_Station,81306,0.027,106.2,0,13.5924,27.2857,0,593.095,0,254.348,0,813.454,-179.3,179.2,56.15,170.6,-4.30966,0,0,0,13.52,13.65,27.28,27.29
2017-06-19 00:00,130,141.845,293.638,17.5408,9.74,959,71.17,0,0.568,90.1,47.8,89.115,34.746,925.78,20.141,0.994,4.557,18.92,Solys_Met_Station,81306,0.075,106.2,0,13.5911,27.2865,0,565.32,0,53.8583,0,899.582,-179,179.5,56.17,170.6,0,0,0,0,13.53,13.65,27.28,27.3
2017-06-20 00:00,131,42.4922,18.9446,33.3622,21.78,951,23.08,0,3.439,3.09,48.65,72.544,23.012,808.079,26.918,8.066,11.15,27.09,Solys_Met_Station,81306,0.13,106.2,0,13.5958,27.2826,0,538.313,0,559.732,0,807.984,-178.7,179.8,56.19,170.6,-109.528,0,0,0,13.53,13.66,27.27,27.48
2017-06-21 00:00,132,56.7667,0.387486,55.9086,12.28,960,78.56,0,1.148,226.8,49.54,82.378,17.214,45.963,22.158,5.29,9.1,23.29,Solys_Met_Station,81306,-0.069,106.3,0,13.5929,27.2855,0,744.823,0,741.479,0,6.70078,-179.8,178.8,56.2,170.6,-20.6683,0,0,0,13.48,13.65,27.28,27.29
2017-06-22 00:00,133,142.502,0.691374,140.514,10.25,955,21.5,0,0.936,58.09,61.59,92.168,18.192,47.4287,22.378,1.572,4.17,20.96,Solys_Met_Station,81306,-0.021,106.3,0,13.5918,27.2854,0,664.008,0,656.978,0,4.60676,-179.5,179.1,56.2,170.7,-35.5943,0,0,0,13.52,13.66,27.28,27.29
2017-06-23 00:00,134,137.129,0.463338,134.285,16.18,951,62.73,0.2,2.108,258.9,46.76,85.636,19.144,83.1447,23.18,9.72,12.3,23.55,Solys_Met_Station,81306,0.036,106.3,0,13.5961,27.2851,0,685.924,0,680.428,0,5.86122,-179.2,179.3,56.19,170.6,-15.8287,0,0,0,13.53,13.65,27.27,27.29
2017-06-24 00:00,135,140.873,0.630143,138.296,8.86,964,82.4,0,1.563,267.1,47.73,82.418,36.193,53.0328,14.452,1.906,5.874,14.23,Solys_Met_Station,81306,0.084,106.2,0,13.5917,27.2846,0,588.634,0,585.478,0,5.86372,-178.9,179.7,56.18,170.6,-263.236,0,0,0,13.52,13.66,27.27,27.3
2017-06-25 00:00,136,144.951,0.506637,142.662,6.956,962,71.13,0,1.16,177.2,70.92,91.324,17.14,33.8527,17.046,-0.897,2.076,16.84,Solys_Met_Station,81306,0.141,106.2,0,13.5948,27.285,0,575.811,0,571.083,0,2.09478,-178.6,179.9,56.16,170.6,-16.1689,0,0,0,13.51,13.66,27.27,27.3
2017-06-26 00:00,137,141.995,216.685,44.5005,7.059,961,73.06,0,0.716,148.4,66.97,83.371,22.048,975.408,18.664,-1.535,1.712,17.21,Solys_Met_Station,81306,-0.064,106.2,0,13.5925,27.2857,0,595.63,0,597.237,0,920.102,-179.7,178.9,56.14,170.6,-42.1123,0,0,0,13.54,13.66,27.23,27.74
2017-06-27 00:00,138,142.478,306.196,16.0727,10.84,959,34.35,0,0.845,52.92,51.98,89.598,16.926,935.839,24.542,-0.461,2.715,21.92,Solys_Met_Station,81306,-0.01,106.2,0,13.6147,27.2836,0,566.874,0,51.9836,0,923.45,-179.4,179.2,56.1,170.6,0,0,0,0,13.52,13.67,27.28,27.29
2017-06-28 00:00,139,119.779,183.701,34.2539,19.78,951,39.69,0,1.993,302.5,59.72,40.376,25.861,780.716,24.995,11.574,13.92,25.31,Solys_Met_Station,81306,0.038,106.2,0,13.6401,27.2837,0,543.701,0,205.127,0,761.947,-179.1,179.5,56.06,170.5,-1.66487,0,0,0,13.52,13.67,27.28,27.29
2017-06-29 00:00,140,78.2775,89.03,35.3412,15.26,952,80.7,0.6,1.763,282.5,58.86,85.34,33.382,759.332,20.312,9.558,12.39,21.31,Solys_Met_Station,81306,0.083,106.1,0,13.637,26.7246,0,620.492,0,248.862,0,740.015,-178.8,179.7,56.02,170.5,-13.9539,0,0,0,13.57,13.66,25.43,27.29
2017-06-30 00:00,141,140.523,298.91,16.1708,11.23,958,62.75,0,0.662,95.7,48.73,95.472,32.498,916.976,21.206,4.189,6.809,19.76,Solys_Met_Station,81306,-0.111,106.1,0,13.6322,24.992,0,561.046,0,69.6637,0,897.486,-179.9,178.7,55.96,170.4,0,0,0,0,13.54,13.66,24.68,28.63
2017-07-01 00:00,142,96.763,149.068,30.5686,15.84,956,64.73,0,1.015,202.6,66.78,71.012,13.496,779.988,26.456,5.532,9.1,25.64,Solys_Met_Station,81306,-0.067,106.1,0,13.6384,27.4725,0,692.502,0,297.019,0,759.027,-179.7,178.9,55.9,170.4,-2.50113,0,0,0,13.53,13.66,27.28,28.8
2017-07-02 00:00,143,124.278,197.822,35.4446,13.16,959,92.8,0,0.877,126.3,51.31,95.246,58.601,785.969,18.725,8.953,12.53,19.15,Solys_Met_Station,81306,-0.027,106,0,13.6369,27.2867,0,650.409,0,247.005,0,765.966,-179.4,179.2,55.84,170.3,0,0,0,0,13.54,13.66,27.28,27.29
2017-07-03 00:00,144,129.323,206.013,38.1987,13.35,955,80.7,0,1.17,223.3,58.55,98.164,19.448,871.79,23.251,6.895,9.44,22.95,Solys_Met_Station,81306,0.026,106,0,13.6376,27.286,0,631.941,0,202.389,0,849.458,-179.1,179.5,55.76,170.3,0,0,0,0,13.55,13.66,27.28,27.29
2017-07-04 00:00,145,77.0365,54.1175,60.4946,11.27,963,95.5,0,1.141,87.2,52.02,95.492,55.402,843.303,16.343,7.782,9.93,16.76,Solys_Met_Station,81306,0.068,105.9,0,13.636,27.2866,0,684.212,0,385.365,0,823.777,-178.9,179.7,55.68,170.2,-6.8509,0,0,0,13.54,13.66,27.28,27.29
2017-07-05 00:00,146,141.592,272.725,22.1168,11.87,960,75.56,0,0.827,76.03,50.88,99.096,34.523,936.253,22.128,4.25,6.701,21.04,Solys_Met_Station,81306,0.114,105.9,0,13.6359,27.2865,0,562.989,0,96.541,0,888.273,-178.7,180,55.6,170.1,0,0,0,0,13.56,13.66,27.28,27.29
2017-07-06 00:00,147,143.121,285.041,20.0792,13.68,959,37.5,0,0.761,77.86,43.32,78.098,15.284,918.454,26.748,3.866,6.656,24.19,Solys_Met_Station,81306,-0.094,105.8,0,13.6368,27.2852,0,576.976,0,87.2582,0,910.893,-179.8,178.9,55.5,170,0,0,0,0,13.51,13.66,27.28,27.29
2017-07-07 00:00,148,137.415,233.753,30.155,19.25,960,39.5,0,1.349,55.1,39.77,40.805,9.57,932.374,30.38,10.505,13.09,27.59,Solys_Met_Station,81306,-0.057,105.7,0,13.6395,27.2843,0,582.22,0,159.712,0,923.875,-179.5,179.1,55.41,169.9,0,0,0,0,13.54,13.67,27.27,27.29
2017-07-08 00:00,149,144.321,293.414,20.2335,19.53,958,31.57,0,1.342,359.9,62.59,49.207,14.28,891.318,28.268,10.304,13.35,27.34,Solys_Met_Station,81306,-0.021,105.7,0,13.639,26.8643,0,573.231,0,68.6863,0,881.2,-179.3,179.3,55.3,169.8,0,0,0,0,13.57,13.66,25.57,27.29
2017-07-09 00:00,150,135.487,236.806,30.9919,20.3,954,28.58,0,1.413,285.8,53.23,35.349,18.025,790.735,26.777,15.136,16.69,26.53,Solys_Met_Station,81306,0.018,105.6,0,13.6365,25.0369,0,552.685,0,118.809,0,776.611,-179.1,179.5,55.19,169.7,0,0,0,0,13.57,13.66,24.7,25.57
2017-07-10 00:00,151,113.458,128.241,53.0267,19,951,70.8,0,2.264,268.1,60.37,85.926,19.776,878.604,26.718,9.72,12.72,27.06,Solys_Met_Station,81306,0.056,105.5,0,13.6366,25.1732,0,810.173,0,326.734,0,864.043,-179,179.7,55.07,169.6,-1.68419,0,0,0,13.56,13.66,24.39,28.8
2017-07-11 00:00,152,147.72,301.948,17.9048,10.23,959,74.23,0,1.132,247.7,58.67,82.707,27.406,989.402,15.921,4.088,7.311,15.63,Solys_Met_Station,81306,0.085,105.4,0,13.6347,27.3104,0,599.511,0,117.938,0,953.187,-178.8,179.9,54.94,169.5,0,0,0,0,13.56,13.66,27.28,28.8
2017-07-12 00:00,153,149.579,308.423,17.2501,8.17,961,76.58,0,1.034,88.5,68.43,83.537,31.21,942.773,16.222,1.935,5.117,15.85,Solys_Met_Station,81306,-0.13,105.4,0,13.6341,27.2867,0,589.021,0,54.7886,0,930.572,-179.8,178.9,54.81,169.3,0,0,0,0,13.57,13.66,27.28,27.3
2017-07-13 00:00,154,144.625,279.548,24.5278,7.789,960,89,0,0.718,117.3,55.44,90.878,36.977,894.085,18.032,0.205,3.099,17.14,Solys_Met_Station,81306,-0.1,105.3,0,13.6333,27.2859,0,608.917,0,106.341,0,887.134,-179.7,179,54.67,169.2,0,0,0,0,13.56,13.66,27.28,27.29
2017-07-14 00:00,155,104.006,108.527,57.7574,9.8,959,82.6,0,1.058,84.2,66.41,95.136,42.96,903.228,16.786,4.452,7.421,16.56,Solys_Met_Station,81306,-0.072,105.2,0,13.6343,27.2864,0,843.499,0,338.931,0,888.271,-179.6,179.2,54.53,169,-8.66932,0,0,0,13.57,13.66,27.28,27.29
2017-07-15 00:00,156,133.599,232.077,24.1662,8.74,953,85.1,0,0.582,105.4,51.77,96.531,39.815,934.956,17.71,0.185,3.079,17.31,Solys_Met_Station,81306,-0.046,105.1,0,13.6336,27.2863,0,594.849,0,209.861,0,924.715,-179.4,179.3,54.38,168.9,0,0,0,0,13.55,13.66,27.28,27.29
2017-07-16 00:00,157,152.3,298.389,21.1622,11.68,948,62.18,0,1.309,181.2,71.58,92.592,23.247,942.349,19.8,4.28,7.245,19.68,Solys_Met_Station,81306,-0.022,105,0,13.6352,27.2863,0,643.027,0,183.397,0,926.367,-179.3,179.5,54.22,168.7,0,0,0,0,13.56,13.66,27.28,27.29
2017-07-17 00:00,158,59.8935,12.5061,53.0048,8.22,957,82.6,1,2.311,262.3,42.68,91.906,35.791,865.994,11.694,4.583,6.439,12.21,Solys_Met_Station,81306,0.001,104.9,0,13.6329,27.2861,0,619.05,0,441.602,0,877.115,-179.2,179.6,54.06,168.6,-0.922329,0,0,0,13.54,13.66,27.28,27.29
2017-07-18 00:00,159,158.418,333.557,14.8827,8.66,963,58.58,0,1.37,319.4,75.11,85.55,17.964,963.478,17.5,2.087,4.084,17.04,Solys_Met_Station,81306,0.021,104.8,0,13.634,27.2863,0,612.722,0,48.2867,0,951.512,-179.1,179.7,53.89,168.4,0,0,0,0,13.52,13.66,27.27,27.29
2017-07-19 00:00,160,158.322,327.256,16.5234,13,960,71.75,0,1.479,224.3,65.23,75.132,13.65,960.647,23.602,1.682,4.988,23.29,Solys_Met_Station,81306,0.039,104.6,0,13.6361,27.2853,0,616.011,0,55.2511,0,949.517,-179,179.8,53.71,168.2,0,0,0,0,13.54,13.66,27.27,27.29
2017-07-20 00:00,161,156.746,318.669,18.0213,12.17,958,34.81,0,1.037,103.7,66.8,95.044,11.287,944,24.695,1.642,4.622,23.38,Solys_Met_Station,81306,0.052,104.5,0,13.6365,27.2852,0,610.382,0,63.1229,0,930.99,-179,179.9,53.53,168.1,0,0,0,0,13.54,13.66,27.28,27.29
2017-07-21 00:00,162,155.508,308.978,21.8351,12.2,957,86.9,0,1.62,246.2,53.87,88.945,24.61,946.659,19.218,4.24,7.706,19.42,Solys_Met_Station,81306,0.068,104.4,0,13.6367,27.0879,0,726.45,0,185.225,0,930.988,-178.9,179.9,53.34,167.9,0,0,0,0,13.55,13.66,25.52,28.8
2017-07-22 00:00,163,136.582,172.109,64.2211,9.86,956,69.97,0,0.856,110.5,68.18,96.84,21.808,888.117,20.724,1.844,4.966,20.13,Solys_Met_Station,81306,-0.171,104.3,0,13.6351,27.2851,0,733.945,0,311.078,0,873.615,-179.9,178.9,53.15,167.7,0,0,0,0,13.55,13.66,27.27,27.29
2017-07-23 00:00,164,159.354,324.926,16.1619,9.91,956,87.8,0,0.726,87.2,43.49,90.394,30.748,939.763,19.458,1.844,4.794,18.3,Solys_Met_Station,81306,-0.162,104.1,0,13.6356,27.2861,0,609.613,0,50.1439,0,933.503,-179.9,179,52.95,167.5,0,0,0,0,13.55,13.66,27.28,27.29
2017-07-24 00:00,165,134.406,190.653,60.7173,9.78,961,86.3,0,1.116,66.43,65.31,94.412,36.539,925.82,18.374,3.704,6.177,17.99,Solys_Met_Station,81306,-0.156,104,0,13.6346,27.2858,0,855.168,0,429.009,0,925.965,-179.8,179,52.75,167.3,0,0,0,0,13.54,13.66,27.28,27.29
2017-07-25 00:00,166,165.973,338.274,15.7296,12.21,958,21.03,0,0.765,68.49,52.59,96.258,15.67,978.042,25.196,1.4,4.408,22.5,Solys_Met_Station,81306,-0.15,103.9,0,13.6366,27.2852,0,633.703,0,49.2153,0,957.379,-179.8,179.1,52.54,167.1,0,0,0,0,13.52,13.67,27.28,27.29
2017-07-26 00:00,167,162.245,303.051,23.2352,17.49,953,71.94,0,1.378,235.2,69.05,77.84,8.362,934.689,27.56,9.336,13.19,27.03,Solys_Met_Station,81306,-0.15,103.7,0,13.639,27.2848,0,636.49,0,80.2873,0,918.813,-179.8,179.1,52.33,166.9,0,0,0,0,13.57,13.66,27.27,27.29
2017-07-27 00:00,168,158.13,265.061,31.521,11.19,962,77.19,0,0.774,145.8,61.1,85.628,36.123,940.061,18.012,4.402,8.28,17.36,Solys_Met_Station,81306,-0.153,103.6,0,13.6353,27.2863,0,775.907,0,225.648,0,932.247,-179.8,179.1,52.1,166.7,-1.01151,0,0,0,13.55,13.66,27.28,27.29
2017-07-28 00:00,169,168.732,339.084,16.4531,11.73,962,53.38,0,0.72,94.4,55.03,85.396,8.116,968.997,25.756,1.804,4.579,22.45,Solys_Met_Station,81306,-0.154,103.4,0,13.6358,27.2849,0,646.765,0,55.7154,0,958.831,-179.8,179.1,51.88,166.4,0,0,0,0,13.55,13.66,27.28,27.29
2017-07-29 00:00,170,168.287,320.524,22.2932,15.43,961,20.12,0,0.947,344.9,64.16,65.351,9.932,931.761,28.939,1.986,5.031,27.28,Solys_Met_Station,81306,-0.16,103.3,0,13.6369,27.2838,0,643.588,0,72.3963,0,921.561,-179.8,179.1,51.65,166.2,0,0,0,0,13.56,13.66,27.27,27.29
2017-07-30 00:00,171,158.759,260.654,33.4941,19.14,961,82.5,0,1.337,192.8,69.45,86.46,17.384,822.828,25.506,14.282,17.01,25.1,Solys_Met_Station,81306,-0.168,103.1,0,13.6391,27.2846,0,619.496,0,109.532,0,812.182,-179.9,179.1,51.41,166,0,0,0,0,13.55,13.67,27.27,27.29
2017-07-31 00:00,172,39.0562,0.18828,38.6077,12.8,965,95.3,0,1.178,126.9,39.35,97.298,80.722,40.6477,14.492,8.136,11.13,17.11,Solys_Met_Station,81306,-0.179,102.9,0,13.6368,27.2866,0,303.447,0,301.792,0,55.7002,-179.9,179.1,51.17,165.7,-3.47848,0,0,0,13.51,13.66,27.27,27.29
2017-08-01 00:00,173,157.415,235.569,40.6091,15.61,958,28.52,0,1.16,27.7,53.24,98.802,17.478,796.807,27.9,4.654,7.114,26.47,Solys_Met_Station,81306,-0.192,102.8,0,13.637,27.283,0,616.788,0,127.217,0,782.475,-180,179.1,50.93,165.5,0,0,0,0,13.52,13.67,27.27,27.29
2017-08-02 00:00,174,123.894,101.484,70.55,21.45,954,92.2,0,1.876,349.2,61.44,93.445,21.453,946.639,28.24,15.106,17.99,28.69,Solys_Met_Station,81306,0.042,102.6,0,13.6404,27.2825,0,882.313,0,346.191,0,841.377,-179.1,179.9,50.67,165.2,0,0,0,0,13.57,13.67,27.27,27.29
2017-08-03 00:00,175,167.44,293.992,25.8209,15.82,959,73.14,0,0.9,176.6,63.7,99.998,23.427,888.57,24.504,9.084,12.02,23.58,Solys_Met_Station,81306,0.026,102.4,0,13.6384,27.2854,0,642.128,0,81.2357,0,878.575,-179.2,179.9,50.42,165,0,0,0,0,13.56,13.66,27.28,27.29
2017-08-04 00:00,176,169.206,301.608,24.3595,13.54,960,82.4,0,0.631,95.3,53.07,90.876,25.55,894.066,24.273,4.835,8.02,22.67,Solys_Met_Station,81306,0.004,102.3,0,13.6369,27.2851,0,643.794,0,77.5373,0,883.233,-179.2,179.8,50.16,164.7,0,0,0,0,13.54,13.66,27.27,27.29
2017-08-05 00:00,177,111.1,63.8798,85.775,14.98,958,86.7,0,1.412,135.2,49.18,88.708,49.312,785.211,20.202,12.106,14.9,20.99,Solys_Met_Station,81306,-0.019,102.1,0,13.6383,27.2863,0,948.29,0,435.451,0,787.526,-179.3,179.8,49.89,164.5,-261.985,0,0,0,13.59,13.67,27.28,27.29
2017-08-06 00:00,178,99.1345,40.4258,78.6542,12.85,958,82.9,2,1.562,246.1,40.27,97.609,56.458,941.161,16.102,11.251,12.91,16.81,Solys_Met_Station,81306,-0.041,101.9,0,13.6377,27.2865,0,1006.7,0,481.938,0,938.528,-179.4,179.7,49.62,164.2,-2.52961,0,0,0,13.56,13.66,27.28,27.29
2017-08-07 00:00,179,182.721,345.48,18.3089,12.73,961,77.09,0,1.201,241.7,54.56,93.714,35.21,965.538,18.675,7.278,9.59,18.82,Solys_Met_Station,81306,-0.073,101.7,0,13.6367,27.2855,0,728.893,0,119.323,0,950.255,-179.5,179.6,49.35,163.9,0,0,0,0,13.53,13.66,27.27,27.29
2017-08-08 00:00,180,164.904,203.007,52.8314,12.03,962,90.7,0,0.786,152.5,50.41,92.484,48.818,897.097,18.625,6.996,10.4,18.64,Solys_Met_Station,81306,-0.105,101.5,0,13.6369,27.2865,0,740.938,0,368.65,0,894.136,-179.6,179.5,49.07,163.7,-3.53881,0,0,0,13.57,13.66,27.28,27.29
2017-08-09 00:00,181,180.303,322.456,21.7264,11.13,960,91.4,0,0.722,121.1,48.01,97.371,44.578,958.618,20.282,2.936,5.851,20.08,Solys_Met_Station,81306,-0.132,101.3,0,13.6354,27.2852,0,682.658,0,89.1397,0,948.58,-179.7,179.4,48.79,163.4,0,0,0,0,13.56,13.66,27.27,27.29
2017-08-10 00:00,182,182.407,325.114,25.341,14.67,955,43.95,0,0.935,155.3,69.96,96.462,6.764,937.665,28.81,4.108,7.028,27.28,Solys_Met_Station,81306,-0.172,101.1,0,13.6369,27.283,0,726.319,0,148.525,0,931.097,-179.9,179.3,48.5,163.1,0,0,0,0,13.52,13.66,27.27,27.29
2017-08-11 00:00,183,194.132,357.84,20.1904,17.16,952,21.07,0,1.071,118,65.24,46.892,10.124,998.86,26.857,9.054,11.89,25.49,Solys_Met_Station,81306,-0.209,100.9,0,13.6387,27.2847,0,719.716,0,66.3732,0,987.615,-179.9,179.2,48.21,162.8,0,0,0,0,13.57,13.66,27.27,27.29
2017-08-12 00:00,184,185.247,299.014,25.2916,19.35,954,82.9,0,1.772,216.1,62.49,86.06,5.34,985.079,26.558,12.399,14.75,25.79,Solys_Met_Station,81306,-0.004,100.7,0,13.6403,27.2844,0,729.81,0,109.537,0,972.934,-179.3,179.9,47.91,162.5,-14.7126,0,0,0,13.54,13.66,27.27,27.29
2017-08-13 00:00,185,142.887,150.762,65.6854,13.15,961,70.43,0,0.968,139.8,51.09,91.89,45.644,921.222,18.574,9.154,11.66,19.89,Solys_Met_Station,81306,-0.042,100.5,0,13.6379,27.2866,0,1005.86,0,393.698,0,905.862,-179.4,179.8,47.61,162.2,-1.40835,0,0,0,13.57,13.66,27.28,27.29
2017-08-14 00:00,186,70.9629,1.45276,69.2758,11.19,964,88.3,0.4,0.617,209,47.87,97.199,54.574,325.457,14.11,7.138,10.4,16.27,Solys_Met_Station,81306,-0.083,100.3,0,13.6364,27.2865,0,791.448,0,503.76,0,449.371,-179.6,179.7,47.31,161.9,-3.17918,0,0,0,13.55,13.66,27.28,27.29
2017-08-15 00:00,187,191.419,320.986,26.4044,11.47,959,71.54,0,0.798,86.1,53.75,97.031,28.556,979.741,22.89,2.178,5.031,21.12,Solys_Met_Station,81306,-0.135,100.1,0,13.637,27.2851,0,717.238,0,97.4777,0,968.682,-179.7,179.5,47,161.6,0,0,0,0,13.56,13.66,27.27,27.29
2017-08-16 00:00,188,191.198,298.036,30.7321,13.34,951,79.57,0,1.445,212.4,58.19,84.492,13.914,987.899,23.472,5.138,7.905,23.41,Solys_Met_Station,81306,-0.183,99.9,0,13.6364,27.284,0,740.764,0,162.539,0,972.543,-179.9,179.4,46.69,161.3,0,0,0,0,13.54,13.66,27.27,27.29
2017-08-17 00:00,189,60.3819,12.3146,54.3985,9.88,950,94.4,11.4,1.092,226.8,49.33,95.582,62.257,771.496,13.708,6.753,8.35,15,Solys_Met_Station,81306,0.016,99.7,0,13.6349,27.2855,0,729.282,0,397.437,0,744.624,-179.3,179.9,46.37,161,-4.77188,0,0,0,13.56,13.66,27.27,27.29
2017-08-18 00:00,190,23.0729,0.123061,22.8383,7.017,960,99.1,39.2,1.536,257.1,50.08,99.086,82.359,11.5281,8.67,5.704,7.399,9.46,Solys_Met_Station,81306,-0.037,99.4,0,13.6317,27.2818,0,279.438,0,277.728,0,0.41894,-179.4,179.8,46.05,160.7,-5.90784,0,0,0,13.56,13.66,27.27,27.29
2017-08-19 00:00,191,121.854,43.3893,95.0036,8.73,967,93.9,0.4,0.785,101.6,55.78,99.566,55.371,967.508,14.311,5.048,6.852,15.04,Solys_Met_Station,81306,-0.091,99.2,0,13.6328,27.2838,0,1083.63,0,498.653,0,944.811,-179.6,179.7,45.73,160.3,-4.17937,0,0,0,13.55,13.66,27.27,27.29
2017-08-20 00:00,192,204.867,361.117,19.6755,10.69,965,72.9,0,1.532,77.37,34.55,96.984,28.456,992.88,20.01,1.986,4.408,19.18,Solys_Met_Station,81306,-0.152,99,0,13.6343,27.284,0,745.601,0,87.286,0,978.315,-179.8,179.5,45.4,160,0,0,0,0,13.55,13.66,27.27,27.29
2017-08-21 00:00,193,197.126,309.732,34.0059,15.64,959,34.93,0,0.977,9.1,56.3,90.168,17.5,902.893,26.558,4.714,7.29,25.07,Solys_Met_Station,81306,-0.212,98.8,0,13.6377,27.2832,0,858.765,0,268.272,0,884.625,-179.9,179.4,45.08,159.7,0,0,0,0,13.56,13.67,27.27,27.29
2017-08-22 00:00,194,172.519,194.021,63.7603,20.82,950,91.1,0,1.548,335.5,63.01,91.16,15.112,941.311,29.43,11.2,14.8,29.32,Solys_Met_Station,81306,-0.017,98.5,0,13.6407,27.2829,0,901.734,0,313.241,0,923.834,-179.4,179.9,44.74,159.4,-215.088,0,0,0,13.57,13.66,27.27,27.29
2017-08-23 00:00,195,117.013,104.58,54.1728,9.69,950,58.67,2.8,2.447,265,52.48,94.59,34.896,1006.63,15.478,6.814,9.32,15.41,Solys_Met_Station,81306,-0.085,98.3,0,13.6357,27.2851,0,1063.42,0,464.393,0,998.002,-179.6,179.7,44.41,159,-7.35033,0,0,0,13.56,13.66,27.28,27.29
2017-08-24 00:00,196,217.568,376.617,20.3779,12.21,951,75.2,0,2.146,256.8,45.16,75.886,19.524,1008.85,20.392,6.532,8.08,20.34,Solys_Met_Station,81306,-0.15,98,0,13.6365,27.2849,0,775.907,0,128.628,0,997.161,-179.8,179.6,44.07,158.7,0,0,0,0,13.57,13.66,27.28,27.29
2017-08-25 00:00,197,90.564,24.3113,80.4359,10.25,953,78.38,0,1.704,239.4,46.08,84.102,41.134,780.78,15.156,4.604,7.774,16.12,Solys_Met_Station,81306,-0.219,97.8,0,13.636,27.2859,0,886.251,0,566.44,0,800.318,-179.9,179.4,43.73,158.3,-126.945,0,0,0,13.58,13.66,27.27,27.29
2017-08-26 00:00,198,180.788,223.867,64.1727,9.74,960,83.8,0,1.495,256.2,57.71,85.197,40.691,998.191,15.971,4.775,6.678,16.79,Solys_Met_Station,81306,-0.034,97.6,0,13.6347,27.2859,0,1120.93,0,458.724,0,969.939,-179.5,179.9,43.39,158,0,0,0,0,13.51,13.66,27.28,27.29
2017-08-27 00:00,199,221.128,377.096,20.82,10.73,959,85.2,0,0.752,116.3,57.55,95.98,22.787,1000.95,21.206,1.652,4.17,20.69,Solys_Met_Station,81306,-0.108,97.3,0,13.636,27.2862,0,783.678,0,58.5102,0,986.272,-179.7,179.7,43.04,157.7,0,0,0,0,13.54,13.66,27.28,27.29
2017-08-28 00:00,200,209.487,294.149,35.7444,12.22,962,84.4,0,1.28,111.7,47.31,90.392,40.794,957.234,20.181,5.704,8.55,20.48,Solys_Met_Station,81306,-0.178,97.1,0,13.6368,27.2866,0,772.79,0,269.757,0,942.707,-179.8,179.5,42.69,157.3,-5.79334,0,0,0,13.57,13.66,27.28,27.29
2017-08-29 00:00,201,216.146,321.137,37.1351,17.35,954,37.94,0,1.578,61.24,51.02,94.68,23.624,946.766,27.759,5.038,7.618,27.21,Solys_Met_Station,81306,-0.002,96.8,0,13.6383,27.2834,0,812.241,0,167.552,0,939.358,-179.4,180,42.34,157,0,0,0,0,13.57,13.67,27.27,27.29
2017-08-30 00:00,202,177.536,194.174,56.9564,18.19,950,68.77,0,1.066,154.2,60.5,78.738,20.007,914.005,23.872,13.346,15.95,24.45,Solys_Met_Station,81306,-0.077,96.6,0,13.6403,27.2852,0,902.269,0,410.765,0,902.627,-179.6,179.8,41.98,156.6,-5.41014,0,0,0,13.56,13.66,27.27,27.29
2017-08-31 00:00,203,161.672,154.832,74.8564,13.6,958,85.8,0.4,1.162,185,58.83,93.802,38.838,1028.66,20.06,8.974,12.12,20.42,Solys_Met_Station,81306,-0.153,96.3,0,13.6381,27.2867,0,1143.04,0,421.565,0,992.134,-179.8,179.6,41.62,156.2,-108.651,0,0,0,13.54,13.66,27.28,27.29
2017-09-01 00:00,204,219.358,333.669,25.8099,12.77,956,73.07,0,1.809,228.6,44.37,95.242,20.596,1000.12,23.271,4.542,7.202,23.41,Solys_Met_Station,81306,-0.231,96.1,0,13.6373,27.2859,0,805.969,0,145.74,0,990.164,-179.9,179.4,41.26,155.9,0,0,0,0,13.56,13.66,27.28,27.29
2017-09-02 00:00,205,181.694,220.77,58.7408,13.18,965,87.6,0,1.148,184.2,67.55,88.684,30.012,1002.43,20.854,8.318,10.52,20.8,Solys_Met_Station,81306,-0.06,95.8,0,13.6381,27.2865,0,1106.16,0,367.258,0,998.404,-179.6,179.8,40.9,155.5,-5.30497,0,0,0,13.57,13.66,27.28,27.29
2017-09-03 00:00,206,235.261,394.879,19.2944,14.33,962,79.37,0,0.818,108.1,64.2,95.094,16.564,1008.99,25.605,4.835,7.29,25.04,Solys_Met_Station,81306,-0.142,95.5,0,13.6377,27.2851,0,815.681,0,56.1744,0,994.348,-179.8,179.7,40.54,155.2,0,0,0,0,13.52,13.66,27.28,27.29
2017-09-04 00:00,207,238.461,377.4,26.3037,13.75,963,89.2,0,1.037,111.8,49.65,91.23,17.189,1024.92,22.759,5.764,8.7,23.27,Solys_Met_Station,81306,-0.217,95.3,0,13.6378,27.2857,0,830.192,0,109.124,0,1010.31,-180,179.5,40.17,154.8,0,0,0,0,13.57,13.66,27.27,27.29
2017-09-05 00:00,208,240.383,386.705,24.0645,20.26,954,18.4,0,1.202,305,62.21,96.412,8.039,1027.62,33.448,5.2,8.06,32.95,Solys_Met_Station,81306,-0.054,95,0,13.6393,27.2816,0,848.668,0,71.0014,0,1001.39,-179.6,179.9,39.8,154.4,0,0,0,0,13.58,13.67,27.27,27.29
2017-09-06 00:00,209,227.552,326.625,36.8488,23.48,951,72.51,0,1.859,249,71.78,77.308,8.92,924.208,34.425,14.714,17.82,34.11,Solys_Met_Station,81306,-0.134,94.8,0,13.6412,27.281,0,808.913,0,167.062,0,911.684,-179.8,179.7,39.43,154.1,0,0,0,0,13.57,13.67,27.27,27.29
2017-09-07 00:00,210,172.185,149.055,79.5545,16.6,954,89.5,0,0.96,140.5,44.73,90.66,48.591,801.58,23.692,12.439,15.75,24.51,Solys_Met_Station,81306,-0.219,94.5,0,13.6399,27.2861,0,1068.86,0,561.768,0,789.221,-179.9,179.5,39.06,153.7,-2.02188,0,0,0,13.58,13.67,27.28,27.29
2017-09-08 00:00,211,242.221,371.251,27.1166,18.11,951,63.69,0,1.443,146.4,60.74,95.926,11.918,982.293,29.81,9.397,11.93,30.09,Solys_Met_Station,81306,-0.059,94.2,0,13.6389,27.2838,0,827.644,0,78.8993,0,963.333,-179.6,179.9,38.69,153.3,0,0,0,0,13.58,13.66,27.27,27.29
2017-09-09 00:00,212,240.184,362.236,27.8818,16.29,956,76.1,0,0.933,144.9,59.32,85.012,19.504,965.085,28.298,7.38,10.27,28.23,Solys_Met_Station,81306,-0.142,94,0,13.6383,27.2849,0,828.469,0,80.7651,0,947.842,-179.8,179.7,38.31,152.9,0,0,0,0,13.57,13.67,27.27,27.29
2017-09-10 00:00,213,202.331,189.381,72.5836,16.66,958,88.5,0,1.149,139.7,46.95,88.533,43.449,942.557,23.752,12.238,15.6,24.81,Solys_Met_Station,81306,-0.225,93.7,0,13.6402,27.2857,0,1081.49,0,483.726,0,921.077,-179.9,179.5,37.93,152.6,-3.04977,0,0,0,13.56,13.67,27.28,27.29
2017-09-11 00:00,214,221.746,265.661,47.9566,16.78,953,92.4,0,0.882,132.4,55.41,98.955,38.507,921.687,27.618,9.901,12.95,27.47,Solys_Met_Station,81306,-0.066,93.4,0,13.6402,27.2839,0,819.152,0,403.937,0,903.884,-179.6,179.9,37.56,152.2,-3.96446,0,0,0,13.52,13.67,27.27,27.29
2017-09-12 00:00,215,244.202,339.959,32.6109,19.48,953,84.7,0,1.164,154.7,64.53,98.865,14.315,1008.96,32.386,11.432,14.25,32.88,Solys_Met_Station,81306,-0.156,93.1,0,13.6403,27.2834,0,867.558,0,167.99,0,989.549,-179.8,179.7,37.18,151.8,-4.60135,0,0,0,13.55,13.67,27.26,27.29
2017-09-13 00:00,216,194.657,169.659,85.5266,18.37,951,90.6,0,1.059,149.2,58.93,91.728,48.564,702.796,25.014,12.581,15.04,26.31,Solys_Met_Station,81306,-0.242,92.9,0,13.6403,27.2855,0,837.792,0,400.088,0,688.702,-180,179.5,36.8,151.4,0,0,0,0,13.59,13.67,27.27,27.29
2017-09-14 00:00,217,104.515,21.0355,89.3703,16.95,953,65.57,0,1.244,229,27.06,92.98,57.492,657.357,22.038,12.782,15.31,23.78,Solys_Met_Station,81306,-0.08,92.6,0,13.64,27.2857,0,966.353,0,504.055,0,642.64,-179.7,179.8,36.41,151,-139.671,0,0,0,13.56,13.66,27.27,27.29
2017-09-15 00:00,218,106.265,0.583854,104.889,14.3,959,86.6,0,0.719,146.7,53.19,86.55,44.72,19.0712,18.796,10.888,13.33,20.91,Solys_Met_Station,81306,-0.169,92.3,0,13.6383,27.2865,0,418.453,0,416.473,0,7.95476,-179.8,179.6,36.03,150.7,-2.69696,0,0,0,13.54,13.66,27.28,27.29
2017-09-16 00:00,219,187.014,143.808,93.132,15.47,952,86.3,0,0.907,133.7,55.67,93.012,37.654,640.094,26.356,6.442,9.08,26.01,Solys_Met_Station,81306,-0.008,92,0,13.6454,27.2848,0,815.311,0,437.222,0,632.796,-179.5,179.9,35.65,150.3,0,0,0,0,13.56,13.67,27.27,27.29
2017-09-17 00:00,220,59.1463,1.56876,57.8966,13.39,957,95,19.6,1.047,188.8,52.86,98.516,82.625,625.803,16.876,10.486,12.23,18.74,Solys_Met_Station,81306,-0.097,91.8,0,13.6376,27.2862,0,471.683,0,312.006,0,727.035,-179.7,179.8,35.26,149.9,-1.08616,0,0,0,13.57,13.66,27.28,27.29
2017-09-18 00:00,221,185.52,78.0207,140.215,12.53,961,90,1.2,1.77,117.6,28.83,99.346,73.785,978.614,16.434,10.203,11.93,18.05,Solys_Met_Station,81306,-0.186,91.5,0,13.6376,27.2864,0,1291.1,0,715.943,0,958.63,-179.9,179.6,34.87,149.5,-7.8813,0,0,0,13.58,13.66,27.28,27.29
2017-09-19 00:00,222,257.928,370.395,30.3432,17.11,956,88.9,0,0.672,165.1,58.1,99.998,38.281,988.116,26.378,9.84,11.84,26.81,Solys_Met_Station,81306,-0.027,91.2,0,13.6403,27.2849,0,875.855,0,144.343,0,975.475,-179.6,179.9,34.49,149.1,0,0,0,0,13.58,13.67,27.27,27.29                                                                                                                                                                                                                                                                                                                                                                                                                                                                                                                                                                                                                                                                                                                                                                                                                                                                                                                                                                                                                                                                                                                                                                                                                                                                                                                                                                                                                                                                                                                                                                                                                                                                                                                                                                                                                                                                                                                                                                                                                                                                                                                                                                                                                                                                                                                                                                                                                                                                                                                                                                                                                                                                                                                                                                                                                                                                                                                                                                                                                                                                                                                                                                                                                                                                                                                                                                                                                                                                                                                                                                                                                                                                                                                                                                                                                                                                                                                                                                                                                                                                                                                                                                                                                                                                                                                                                                                                                                                                                                                                                                                                                                                                                                                                                                                                                                                                                                                                                                                                                                                                                                                                                                                                                                                                                                                                                                                                                                                                                                                                                                                                                                                                                                                                                                                                                                                                                                                                                                                                                                                                                                                                                                                                                                                                                                                                                                                                                                                                                                                                                                                                                                                                                                                                                                                                                                                                                                                                                                                                                                                                                                                                                                                                                                                                                                                                                                                                                                                                                                                                                                                                                                                                                                                                                                                                                                                                                                                                                                                                                                                                                                                                                                                                                                                                                                                                                                                                                                                                                                                                                                                                                                                                                                                                                                                                                                                                                                                                                                                                                                                                                                                                                                                                                                                                                                                                                                                                                                                                                                                                                                                                                                                                                                                                                                                                                                                                                                                                                                                                                                                                                                                                                                                                                                                                                                                                                                                                                                                                                                                                                                                                                                                                                                                                                                                                                                                                                                                                                                                                                                                                                                                                                                                                                                                                                                                                                                                                                                                                                                                                                                                                                                                                                                                                                                                                                                                                                                                                                                                                                                                                                                                                                                                                                                                                                                                                                                                                                                                                                                                                                                                                                                                                                                                                                                                                                                                                                                                                                                                                                                                                                                                                                                                                                                                                                                                                                                                                                                                                                                                                                                                                                                                                                                                                                                                                                                                                                                                                                                                                                                                                                                                                                                                                                                                                                                                                                                                                                                                                                                                                                                                                                                                                                                                                                                      