"TOA5","GRT - GIZ Graaff-Reinet","Latitude: -32.48547","Longitude: 24.58582","Elevation: 660 m",,,SAURAN
"Date","RecNum","GHI_CMP11","DNI_CHP1","DHI_CMP11","Air_Temp","BP","RH","Rain_Tot","WS","WD","WD_SD"
"TS","RN","W/m^2","W/m^2","W/m^2","Deg C","mbar","%","mm","meters/second","Deg","Deg"
"","","Avg","Avg","Avg","Avg","Avg","Smp","Tot","WVc","WVc","WVc"
2013-11-19 00:00,0,0.562546,0.000176455,0.244672,23.94,992,55.76,0,0,0,0
2013-11-20 00:00,1,0.406323,0,0.269478,23.26,990,58.88,0,0,0,0
2013-11-28 00:00,2,75.1223,0.32885,63.2706,15.36,946,64.65,0,8.36,128.8,13.08
2013-11-29 00:00,3,418.003,475.967,82.7031,21.54,942,76.02,0,6.611,134.3,17.92
2013-11-30 00:00,4,385.238,498.373,34.2085,22.21,937,51.83,0,2.931,174.1,42.35
2013-12-01 00:00,5,318.931,246.375,125.722,19.63,940,78.98,1.016,5.99,135.5,19.19
2013-12-02 00:00,6,362.577,381.533,70.7836,18.88,943,74.61,0,5.695,134.2,16.94
2013-12-03 00:00,7,220.592,61.4111,172.623,21.67,942,87.4,1.27,2.429,172.3,55.76
2013-12-04 00:00,8,270.839,239.82,84.0437,20.19,939,91,32.26,3.499,298,57.89
2013-12-05 00:00,9,360.301,364.12,87.8528,20.36,942,70.29,0,3.728,180.6,47.1
2013-12-06 00:00,10,389.579,484.3,37.2323,18.12,945,71.3,0,3.914,133.8,23.56
2013-12-07 00:00,11,393.748,515.699,33.9338,17.57,946,84.3,0,4.23,127.6,22.88
2013-12-08 00:00,12,366.324,369.008,74.8049,19.51,944,72.24,0,4.391,141,21.01
2013-12-09 00:00,13,204.325,76.3608,154.759,19.58,941,81.5,0.254,2.642,165.9,51.03
2013-12-10 00:00,14,311.288,247.807,89.3007,21.05,940,92.9,2.54,4.009,152.1,43.73
2013-12-11 00:00,15,172.663,45.1047,137.989,18.68,939,88.9,1.778,4.917,142,28.56
2013-12-12 00:00,16,257.199,181.774,134.824,17.41,940,90,1.016,5.77,134.8,18.82
2013-12-13 00:00,17,319.127,302.864,112.797,19.54,940,88.7,0,2.956,138.2,33.02
2013-12-14 00:00,18,272.935,217.834,102.808,20.45,937,94.9,0.508,2.323,193.9,68.09
2013-12-15 00:00,19,370.051,402.586,57.1797,22.43,935,66.21,0,3.246,136.2,49.06
2013-12-16 00:00,20,352.636,373.25,58.8563,22,936,87.5,1.524,3.234,166.7,43.3
2013-12-17 00:00,21,354.66,368.119,118.045,19.37,941,78.6,0,4.117,131,22.93
2013-12-18 00:00,22,380.669,433.708,63.3013,19.69,941,76.32,0,4.261,143.8,26.27
2013-12-19 00:00,23,403.527,544.742,27.3323,20.04,942,78.28,0,4.44,136.4,21.59
2013-12-20 00:00,24,395.621,528.569,28.9276,23.56,939,62.8,0,3.178,148.8,41.53
2013-12-21 00:00,25,276.696,288.664,56.6972,25.23,938,68.95,0,3.55,302.6,72.43
2013-12-22 00:00,26,324.48,373.562,46.6984,26.72,940,88.9,5.334,4.336,99,73.57
2013-12-23 00:00,27,297.526,295.405,75.0372,24.07,941,76.96,0,4.091,144.9,20.59
2013-12-24 00:00,28,191.398,50.2256,148.411,22.11,940,90.6,0,4.641,145.6,21.26
2013-12-25 00:00,29,303.289,272.548,71.9068,24.06,937,96.6,8.38,3.778,145.9,42.37
2013-12-26 00:00,30,372.407,425.352,51.586,25.36,937,84.8,0,3.88,153.6,21.11
2013-12-27 00:00,31,291.816,229.534,145.524,24.63,940,79.81,0,4.892,138.5,26.25
2013-12-28 00:00,32,338.047,356.189,75.0387,26.45,936,64.04,0,3.155,171.5,54.71
2013-12-29 00:00,33,354.063,367.942,65.6594,24.95,938,62.87,0,5.308,141.9,42.83
2013-12-30 00:00,34,275.489,201.94,143.188,21.97,941,78.75,0,5.212,134.5,23.45
2013-12-31 00:00,35,379.127,472.949,42.3314,25.8,939,34.81,0,3.06,152.9,45.89
2014-01-01 00:00,36,382.018,481.125,40.9557,24.96,940,77.51,0,5.532,139.5,18.24
2014-01-02 00:00,37,378.249,448.74,48.7645,27.58,935,54.96,0,3.508,157.1,54.09
2014-01-03 00:00,38,384.381,486.347,39.8899,27.08,936,70.05,0,4.388,136.2,23.52
2014-01-04 00:00,39,380.547,450.618,44.6027,29.05,934,70.43,6.35,3.24,159.8,56.79
2014-01-05 00:00,40,316.791,342.982,66.9416,31.67,931,72.24,0.508,4.765,1.489,66.22
2014-01-06 00:00,41,168.649,38.0995,139.455,23.82,929,93.6,25.91,2.804,215.5,52.56
2014-01-07 00:00,42,53.1293,0.270427,53.8259,20.35,933,92.1,0.508,1.901,173.7,66.31
2014-01-08 00:00,43,186.909,77.8123,129.054,22.85,934,95.7,5.08,3.421,148.6,19.17
2014-01-09 00:00,44,183.919,85.1016,128.612,23.02,934,99.4,6.096,2.79,167.8,36.28
2014-01-10 00:00,45,175.233,140.672,103.214,22.33,933,96.8,0,2.658,210.4,55.72
2014-01-11 00:00,46,314.966,366.616,84.9806,21.2,938,77.91,0,3.671,176.7,57.98
2014-01-12 00:00,47,385.713,516.458,29.0585,21.14,941,82.6,0,2.764,145.4,28.2
2014-01-13 00:00,48,384.857,499.27,31.9033,21.89,941,75.31,0,3.657,142.2,28.84
2014-01-14 00:00,49,380.867,466.23,51.3439,20.5,945,76.44,0,4.709,131,18.51
2014-01-15 00:00,50,391.988,529.642,27.7185,22.09,939,65.38,0,2.109,134.7,48.26
2014-01-16 00:00,51,303.11,302.517,83.5792,27.06,936,48.75,0,2.964,122.9,59.49
2014-01-17 00:00,52,375.378,476.659,36.571,25.91,941,76.6,0,3.912,142.2,30.24
2014-01-18 00:00,53,254.018,255.608,69.342,23.35,942,79.21,0,4.065,141.5,23.71
2014-01-19 00:00,54,302.322,252.797,113.43,22.21,941,79.38,0,4.054,137.5,19.99
2014-01-20 00:00,55,321.005,351.875,52.1192,23.04,941,84,0,3.693,144.2,27.85
2014-01-21 00:00,56,374.116,478.498,34.8562,23.97,942,72.43,0,4.399,139.4,30.3
2014-01-22 00:00,57,377.323,493.113,34.7346,23.43,943,74.82,0,4.63,137.4,20.14
2014-01-23 00:00,58,329.656,373.216,44.185,26.03,937,39.41,0.762,3.04,107.4,73.5
2014-01-24 00:00,59,237.232,123.037,149.544,29.89,933,73.1,0,6.401,338.2,55.26
2014-01-25 00:00,60,331.087,382.975,66.3468,24.83,935,66.21,0,4.416,156.4,36.26
2014-01-26 00:00,61,316.369,310.422,89.5852,22.31,940,71.97,0,5.574,129.9,16.1
2014-01-27 00:00,62,372.979,485.586,34.7434,22.19,940,79.6,0,4.036,146.1,27.87
2014-01-28 00:00,63,357.983,433.249,48.4756,27.99,936,54.79,0,3.285,147.7,37.67
2014-01-29 00:00,64,266.017,249.58,86.2231,29.51,935,89.8,0,3.647,119.2,65.59
2014-01-30 00:00,0,0,0,0,21.59,883,77.26,0,5.651,113.8,8.17
2014-01-31 00:00,0,20.1608,1.4479,20.0957,22.64,938,79.7,0,7.246,122.3,13.98
2014-02-01 00:00,1,321.781,312.268,116.845,24.39,939,74.02,0,4.245,138.1,19.88
2014-02-02 00:00,2,312.737,357.087,63.8389,27.26,934,68.6,0,3.882,168.5,59.55
2014-02-03 00:00,3,237.076,118.626,162.511,23.36,939,74.78,0,5.508,128.4,15.51
2014-02-04 00:00,4,357.176,469.2,35.004,23.33,938,66.32,0,3.111,146.5,23.92
2014-02-05 00:00,5,248.498,171.209,106.197,25.61,933,90.3,7.366,2.69,167.4,66.81
2014-02-06 00:00,6,192.987,73.8721,127.809,22.35,934,75.81,0,4.662,132.5,21.78
2014-02-07 00:00,7,244.951,186.008,110.895,21.92,937,82.5,0,4.345,136.3,22.9
2014-02-08 00:00,8,312.179,332.331,58.4382,27.14,933,67.23,0,3.159,162.3,32.73
2014-02-09 00:00,9,276.477,231.316,117.964,23.14,936,64.83,0,5.286,132.4,21.7
2014-02-10 00:00,10,348.13,465.511,27.5337,24.22,935,54.02,0,3.404,156.6,46.07
2014-02-11 00:00,11,349.611,478.898,27.5261,24.31,937,75.22,0,3.234,154.5,27.02
2014-02-12 00:00,12,339.373,417.72,37.1325,27.18,936,74.29,0,3.442,155.9,33.49
2014-02-13 00:00,13,294.495,312.008,54.7053,27.45,936,80.7,0,3.591,154.7,23.02
2014-02-14 00:00,14,176.123,73.9749,116.209,25,939,98.3,14.99,4.05,139.1,37.65
2014-02-15 00:00,15,183.127,77.9288,133.498,23.39,943,90.2,0.508,4.847,150.6,21.25
2014-02-16 00:00,16,275.933,246.034,78.6572,25.8,942,86.2,0,2.129,167.7,46.04
2014-02-17 00:00,17,278.299,287.635,71.8506,26.1,940,84.2,0,3.516,139.5,22.87
2014-02-18 00:00,18,298.18,330.932,52.2369,26.92,937,95.2,4.064,2.552,265.4,70.03
2014-02-19 00:00,19,309.28,324.347,72.1411,25.81,940,82.2,0,4.8,138.5,54.77
2014-02-20 00:00,20,204.096,108.82,138.454,25.18,936,67.85,0,2.657,138,53.97
2014-02-21 00:00,21,120.261,13.2555,112.087,20.76,936,73.11,0,5.277,144.2,30.49
2014-02-22 00:00,22,96.1773,0.256236,97.1795,18.53,943,88,0,5.332,123.6,13.98
2014-02-23 00:00,23,307.43,343.359,60.6603,22.41,941,71.89,0,2.797,156.6,31.87
2014-02-24 00:00,24,308.377,388.096,48.9957,25.16,939,84.8,0.254,2.759,139.9,48.13
2014-02-25 00:00,25,178.695,135.225,83.3697,20.34,939,94,16.51,4.316,157.5,43.38
2014-02-26 00:00,26,261.132,270.481,103.123,19.01,943,89.3,0,3.057,135.2,38.23
2014-02-27 00:00,27,320.159,428.719,29.6031,21.24,941,86.9,0,2.433,143.8,50.91
2014-02-28 00:00,28,295.334,358.788,39.6837,24.51,936,58.92,1.016,2.152,144.4,48.16
2014-03-01 00:00,29,222.741,268.001,35.317,23.58,933,93.6,9.91,3.467,287.7,55.59
2014-03-02 00:00,30,292.13,369.764,63.9639,22.76,933,91.8,0,3.257,229,72.37
2014-03-03 00:00,31,313.958,423.649,28.65,24.18,935,54.2,0,2.798,212.1,57.16
2014-03-04 00:00,32,216.195,168.853,109.877,19.59,940,84.2,0,5.258,135.7,19.55
2014-03-05 00:00,33,220.816,147.609,115.108,21.08,941,85,0,3.959,144.5,24.94
2014-03-06 00:00,34,242.542,252.66,72.5318,22.82,941,85.5,0,3.212,153.5,25.32
2014-03-07 00:00,35,284.101,340.565,37.5857,26.03,937,67.34,0,1.902,166.3,49.58
2014-03-08 00:00,36,280.197,345.211,43.5985,26.93,936,70.45,0,4.201,215.6,72.73
2014-03-09 00:00,37,295.663,395.35,43.2908,21.43,938,63.36,0,4.282,140.3,33.82
2014-03-10 00:00,38,101.635,1.00115,101.35,16.82,942,86.2,1.016,6.151,137.5,12.47
2014-03-11 00:00,39,273.634,298.496,57.5245,19.94,941,77.08,0,3.17,149,28.05
2014-03-12 00:00,40,263.817,318.226,50.9175,22.85,935,98,19.81,4.81,232.2,74.02
2014-03-13 00:00,41,199.095,145.672,117.823,16.69,942,85.6,2.794,4.357,152.4,27.9
2014-03-14 00:00,0,0,0,0,13.75,935,86.6,0,1.712,79.59,42.7
2014-03-15 00:00,1,294.922,438.66,22.9462,19.32,940,73.38,0,1.944,152.4,57.37
2014-03-16 00:00,2,291.715,434.601,25.4022,19.46,939,91.5,0,3.429,142.5,59.35
2014-03-17 00:00,3,265.067,341,37.1292,21.64,940,84.5,0,2.757,158.1,37.88
2014-03-18 00:00,4,284.818,409.322,30.9319,20.67,941,83.6,0,2.934,144.1,32.21
2014-03-19 00:00,5,287.046,427.853,23.8104,21.41,937,78.66,0,2.095,149.2,74.49
2014-03-20 00:00,6,263.755,338.763,65.0778,21.15,936,72.22,0,4.425,264.7,49.34
2014-03-21 00:00,7,276.677,390.884,30.8083,18.61,943,70.29,0,2.22,143,58.76
2014-03-22 00:00,8,280.638,432.348,21.7212,20.97,941,39.87,0,1.88,165.5,68.29
2014-03-23 00:00,9,266.63,371.994,36.7293,30.36,934,31.3,0,7.093,327.9,17.87
2014-03-24 00:00,10,247.382,262.993,82.7973,28.8,937,82.7,10.67,6.124,340.2,49.2
2014-03-25 00:00,11,245.696,301.041,55.7047,27.16,939,61.68,0,3.178,343.6,39.33
2014-03-26 00:00,12,212.535,217.527,76.0294,22.57,937,97.3,10.92,5.363,295.9,53.21
2014-03-27 00:00,13,270.813,410.283,29.0548,16.9,940,75.96,0,4.059,294.9,40.32
2014-03-28 00:00,14,262.384,395.535,27.1568,17.48,945,96.8,0,2.885,54.41,75.68
2014-03-29 00:00,15,245.321,350.628,31.5292,18.28,944,79.28,0,1.831,140.3,60.53
2014-03-30 00:00,16,262.787,409.736,22.9867,22.27,938,76.21,0,3.955,288.8,59.27
2014-03-31 00:00,17,258.432,402.746,23.5305,18.75,941,86.9,0,2.944,142.7,30.14
2014-04-01 00:00,18,258.891,410.963,20.5588,20.35,937,87.4,0,2.345,176.9,68.75
2014-04-02 00:00,19,229.102,292.366,51.8821,19.53,934,88.2,0.762,3.208,237.4,36.57
2014-04-03 00:00,20,151.329,114.126,79.0719,14.27,936,80.7,0.762,4.658,297.5,37.95
2014-04-04 00:00,21,112.776,38.0449,90.4851,13.04,944,87.5,0.508,4.155,268.5,57.86
2014-04-05 00:00,22,243.256,367.81,32.2843,13.09,949,95.9,0,3.264,112.1,50.66
2014-04-06 00:00,23,238.02,338.059,34.0509,14.58,950,92.8,0,2.861,127,26.08
2014-04-07 00:00,24,204.363,276.759,40.7391,15.52,947,81.7,0,1.805,156.6,48.7
2014-04-08 00:00,25,197.596,190.023,77.3366,19.52,946,47.33,0,1.657,147.3,75.78
2014-04-09 00:00,26,237.042,333.847,40.0117,22.92,946,48.57,0,3.113,351.8,70.15
2014-04-10 00:00,27,232.838,373.036,27.03,22.42,946,52.19,0,2.746,5.964,77.43
2014-04-11 00:00,28,235.461,390.379,23.0128,22.13,947,42.39,0,3.099,3.007,66.39
2014-04-12 00:00,29,233.111,387.389,23.3506,22.47,947,31.64,0,3.98,338.8,64.74
2014-04-13 00:00,30,228.603,377.12,25.0121,22.92,947,41.58,0,3.714,353.2,63.2
2014-04-14 00:00,31,175.316,199.694,81.8654,23.01,944,36.31,0,3.205,331.5,51.77
2014-04-15 00:00,32,123.103,146.304,44.6121,22.99,941,98.7,13.97,4.475,324.8,54.84
2014-04-16 00:00,33,80.2947,1.59222,80.2776,13.72,947,90.4,11.18,5.124,138.4,16.79
2014-04-17 00:00,34,217.734,322.092,45.0198,14.07,949,98.1,0,2.269,153.7,35.83
2014-04-18 00:00,35,187.232,269.584,42.1718,14.34,943,87.4,0,1.973,351.3,61.91
2014-04-19 00:00,36,205.829,307.548,31.1111,20.92,940,79.66,0,3.173,300.7,49.9
2014-04-20 00:00,37,209.962,334.317,33.4526,17.64,945,95.7,0,2.551,140.6,65.26
2014-04-21 00:00,38,144.121,125.273,62.9034,17.55,943,89,2.286,1.459,137.3,55.96
2014-05-07 00:00,39,,,,,922,0,0,1.113,0,0
2014-05-08 00:00,40,104.809,66.9061,67.3763,,942,69.53,0,4.844,338.5,33.24
2014-05-09 00:00,41,58.917,7.88411,57.0092,19.76,937,79.71,0,5.917,343.9,21.58
2014-05-10 00:00,42,148.993,251.427,40.6179,15.07,938,82.3,0,5.514,327.4,24
2014-05-11 00:00,43,139.098,117.789,77.3977,11.04,943,69.36,0,2.924,335.1,17.01
2014-05-12 00:00,44,170.819,284.982,36.2245,10.75,943,81.3,0,3.25,336.1,23.93
2014-05-13 00:00,45,127.943,127.401,69.9053,12.18,944,90.3,0,3.911,335.6,16.32
2014-05-14 00:00,46,167.584,307.87,26.5582,14.24,946,88.8,0,2.489,330,38.15
2014-05-15 00:00,47,149.086,202.415,43.0227,13.23,946,96.2,0,2.484,293.1,27.4
2014-05-16 00:00,48,167.927,282.33,29.6056,14.86,937,59.56,0,1.593,319.8,29.25
2014-05-17 00:00,49,156.156,245.069,41.6874,12.82,940,73.98,0,4.094,324.7,10.98
2014-05-18 00:00,50,101.793,46.5967,78.2372,10.43,949,96.7,0,2.626,301.7,35.63
2014-05-19 00:00,51,134.521,204.388,39.8037,9.14,950,93.9,0,1.826,307.8,38.37
2014-05-20 00:00,52,48.7575,14.6374,42.0833,10.93,944,95.5,0,2.291,295,34.25
2014-05-21 00:00,53,80.9387,42.576,62.9155,15.48,939,93.5,0,4.135,338.9,20.93
2014-05-23 00:00,54,145.095,247.637,29.7551,11.66,945,81,0,1.907,314.6,29.95
2014-05-24 00:00,55,99.4953,95.7318,56.1631,17.88,944,54.67,0,3.218,344,15.17
2014-05-25 00:00,56,94.011,65.3975,65.7049,23.82,942,32.7,0,8.53,346.2,19.12
2014-05-26 00:00,57,132.885,179.349,58.1308,19.28,942,67.76,0,5.293,329.6,24.77
2014-05-27 00:00,58,145.61,264.42,26.2235,14.53,943,66.78,0,2.206,326.3,36.92
2014-05-28 00:00,59,129.524,173.041,47.1772,17.23,940,33.14,0,3.488,335.1,38.2
2014-05-29 00:00,60,136.099,152.801,73.1993,22.21,935,63.51,0,6.541,333.4,21.18
2014-05-30 00:00,61,122.796,146.387,54.1508,15.1,939,50.36,0,2.112,318.1,36.09
2014-05-31 00:00,62,132.826,233.299,43.4168,13.82,942,78.51,0,3.989,319.6,25.15
2014-06-01 00:00,63,150.116,291.678,23.8523,15.73,939,29.95,0,4.266,339.4,22.36
2014-06-02 00:00,64,123.647,221.974,35.7915,16.73,936,57.37,0,6.55,330.8,16.31
2014-06-03 00:00,65,156.029,335.816,14.9975,10.46,940,59.91,0,3.146,330.1,32.34
2014-06-04 00:00,66,156.458,338.878,15.1309,12.22,936,30.7,0,4.725,342.1,13.35
2014-06-05 00:00,67,153.49,325.255,16.3992,15.12,930,65.58,0,6.919,335.7,11.09
2014-06-06 00:00,68,126.394,188.107,39.7837,8.98,939,72.92,0,5.696,324.5,7.443
2014-06-07 00:00,69,148.528,315.991,15.8024,5.814,951,70.53,0,2.853,334,29.65
2014-06-08 00:00,70,146.7,292.572,24.1531,10.11,947,19.94,0,3.932,342.5,18.22
2014-06-09 00:00,71,119.365,185.722,49.0811,17.29,940,26.88,0,8.36,343.7,9.26
2014-06-10 00:00,72,127.22,189.758,48.7846,15.17,938,48.31,0,6.925,333.3,17.55
2014-06-11 00:00,73,149.945,330.021,14.7574,5.708,952,61.44,0,3.708,325.4,28.49
2014-06-12 00:00,74,152.206,337.861,14.433,5.095,952,52.44,0,2.486,330.7,35.34
2014-06-13 00:00,75,144.384,302.039,19.0221,10.56,947,37.67,0,3.205,339.3,16.14
2014-06-14 00:00,76,140.604,282.991,21.5387,17.32,941,29.93,0,5.259,341.9,30.62
2014-06-15 00:00,77,129.446,236.263,31.4616,17.98,934,49.79,0,7.575,340.7,23.61
2014-06-16 00:00,78,77.2911,83.238,51.3728,13.85,937,61.92,0,7.025,331.8,10.7
2014-06-17 00:00,79,143.914,312.007,15.6862,9.67,945,74.54,0,2.764,320,30.99
2014-06-18 00:00,80,143.097,311.017,14.7109,10.18,943,76.07,0,2.185,327.8,36.96
2014-06-19 00:00,81,135.665,257.766,31.1484,11.24,940,61.24,0,3.542,322.9,22.98
2014-06-20 00:00,82,128.652,230.473,39.535,8.34,951,66.86,0,5.953,325.3,13.25
2014-06-21 00:00,83,144.792,313.459,16.3316,6.434,956,47.43,0,3.815,341.9,19.05
2014-06-22 00:00,84,144.072,318.715,14.1357,9.95,954,54.92,0,2.627,326.9,39.89
2014-06-23 00:00,85,145.167,298.311,17.686,13.96,951,28.52,0,4.762,340.6,14.28
2014-06-24 00:00,86,137.523,261.453,26.818,17.38,948,40.94,0,6.203,343.6,14.75
2014-06-25 00:00,87,136.605,259.58,26.5152,17.7,946,33.87,0,5.824,345.3,23.38
2014-06-26 00:00,88,104.226,91.8309,60.7226,20.28,939,31.66,0,7.969,346.3,13.06
2014-06-27 00:00,89,96.1713,108.147,39.5168,15.07,940,76.27,0,5.185,329,13.11
2014-06-28 00:00,90,135.214,275.56,26.3801,8.22,949,80.8,0,2.775,333.7,27.49
2014-06-29 00:00,91,146.132,319.802,14.5146,7.268,949,60.9,0,2.355,322.6,44.98
2014-06-30 00:00,92,134.598,258.296,23.1069,11.48,944,61.1,0,2.23,294.7,32.37
2014-07-01 00:00,93,131.455,240.859,25.8586,14.58,943,27.2,0,3.373,340.6,26.79
2014-07-02 00:00,94,125.462,180.821,47.0696,22.57,942,27.26,0,7.911,343.3,17.76
2014-07-03 00:00,95,125.647,176.038,48.5904,21.06,943,30.9,0,5.887,346.4,18.64
2014-07-04 00:00,96,113.343,166.86,39.9055,21.24,941,32.43,0,6.439,345.2,18.47
2014-07-05 00:00,97,131.44,191.444,39.9205,22.43,935,27.98,0,8.09,345.7,13.68
2014-07-06 00:00,98,98.8209,117.207,51.6068,10.86,939,59.48,0,6.129,326,11.08
2014-07-07 00:00,99,152.711,318.505,19.4477,4.39,947,67.78,0,3.099,336.1,21.39
2014-07-08 00:00,100,140.765,287.392,20.7813,3.821,953,78.1,0,2.646,331.5,28.17
2014-07-09 00:00,101,151.031,326.067,15.1004,3.984,955,60.51,0,3.177,340.7,28.68
2014-07-10 00:00,102,152.689,311.838,17.3556,6.116,955,84.5,0,3.791,325.7,31.3
2014-07-11 00:00,103,154.803,332.651,14.9884,6.394,953,47.02,0,2.954,328.8,35.73
2014-07-12 00:00,104,90.022,84.2767,46.101,11.08,946,33.47,0,3.24,337.2,33.39
2014-07-13 00:00,105,135.791,182.299,49.631,14.1,944,73.64,0,4.344,329.7,28.08
2014-07-14 00:00,106,153.573,12.6001,149.291,8.12,950,61.4,0,3.438,339,20.67
2014-07-15 00:00,107,151.616,12.4634,147.348,8.35,951,77.72,0,2.866,329.2,37.86
2014-07-16 00:00,108,155.742,12.2733,151.709,10.43,947,18.63,0,2.984,332,34
2014-07-17 00:00,109,127.262,14.7855,121.308,19.57,942,18.95,0,7.267,345.2,13.74
2014-07-18 00:00,110,104.054,80.0978,63.0538,20.99,934,40.43,0,9.94,337.1,11.83
2014-07-19 00:00,111,160.695,334.251,16.214,11.93,938,54.74,0,5.183,330,15.41
2014-07-20 00:00,112,143.32,216.687,46.7041,10.78,945,68.75,0,5.089,337.4,13.74
2014-07-21 00:00,113,161.165,336.627,15.2164,9.36,951,69.84,0,2.408,328.5,34.58
2014-07-22 00:00,114,165.4,345.115,16.3665,7.523,950,47.16,0,2.341,326,34.87
2014-07-23 00:00,115,158.571,296.582,24.308,11.63,944,36.37,0,3.824,330.6,21.27
2014-07-24 00:00,116,157.453,296.425,23.5254,10.03,946,67.46,0,2.988,325.9,37.57
2014-07-25 00:00,117,152.28,234.283,48.0915,14.71,938,18.81,0,3.674,340.8,10.36
2014-07-26 00:00,118,126.407,155.55,68.9347,13.07,937,56.91,0,4.441,319.8,24.25
2014-07-27 00:00,119,128.278,147.67,61.5079,9.83,943,46.98,0,5.628,332.7,10.42
2014-07-28 00:00,120,99.7978,56.8877,77.19,11.4,951,74.83,0,3.406,332.3,14.95
2014-07-29 00:00,121,163.22,286.139,25.7369,10.72,956,77.14,0,3.395,302.9,37.21
2014-07-30 00:00,122,166.102,308.965,23.9092,11.11,952,43.56,0,2.458,321.1,37.14
2014-07-31 00:00,123,158.53,256.239,35.4646,18.25,948,40.17,0,5.427,346,7.157
2014-08-01 00:00,124,161.01,274.502,30.0512,19.15,944,87.3,0,4.786,341.5,17.55
2014-08-02 00:00,125,119.519,114.675,57.4069,13.35,945,97.9,0,1.834,286.5,14.37
2014-08-03 00:00,126,134.218,170.007,47.0913,18.03,942,17.04,0,4.174,341.3,21.6
2014-08-04 00:00,127,162.18,251.055,37.126,22.55,941,74.83,0,6.309,341.3,17.92
2014-08-05 00:00,128,46.7981,12.3617,41.2625,13.83,940,66.31,0,3.066,318.6,30.3
2014-08-06 00:00,129,180.633,292.829,39.2992,12.34,943,51.35,0,3.355,332.9,26.45
2014-08-07 00:00,130,176.597,307.914,22.0765,10.53,944,62.88,0,2.123,328.1,27.81
2014-08-08 00:00,131,165.205,253.895,38.7954,9.9,948,85,0,3.092,301.7,29.27
2014-08-09 00:00,132,42.3473,1.11167,41.7349,12.53,948,94.1,0,2.98,321.3,42.54
2014-08-10 00:00,133,72.0141,36.3138,59.4465,13.32,947,95.8,0,1.939,304.2,37.99
2014-08-11 00:00,134,154.117,167.855,63.2269,14.15,948,93.5,0,2.807,299.5,30.52
2014-08-12 00:00,135,151.897,192.861,47.5756,17.32,945,53.75,0,3.004,324.7,45.38
2014-08-13 00:00,136,168.358,241.863,46.1899,19.02,943,61.71,0,4.871,335.9,42.09
2014-08-14 00:00,137,172.305,233.285,44.8621,20.6,939,47.63,0,6.436,339.5,17.5
2014-08-15 00:00,138,193.075,345.846,22.8003,13.25,946,73.36,0,2.484,315.7,30.74
2014-08-16 00:00,139,148.717,190.093,63.4526,10.86,951,93.4,0,3.543,287.9,23.58
2014-08-17 00:00,140,170.02,236.264,37.6685,12.02,952,74.11,0,2.076,316.7,28.76
2014-08-18 00:00,141,138.532,132.94,68.3985,16.89,945,49.37,0,2.137,306.5,44.94
2014-08-19 00:00,142,185.057,265.452,43.0302,22.14,937,32.62,0,6.336,337.9,13.07
2014-08-20 00:00,143,169.456,198.501,63.3574,19.86,937,52.99,0,4.93,334.6,20.55
2014-08-21 00:00,144,75.0008,108.034,31.0758,11.77,940,77.3,0,4.022,335.7,26.99
2014-08-22 00:00,145,208.972,355.495,23.3781,10.09,940,69.66,0,4.811,332.3,18.46
2014-08-23 00:00,146,191.595,269.27,53.5716,10.48,944,57.83,0,5.01,325.4,11.91
2014-08-24 00:00,147,216.166,371.093,22.449,9.55,944,75.2,0,3.571,321.4,26.02
2014-08-25 00:00,148,211.834,348.332,23.1118,9.41,946,70.63,0,2.722,321.5,36.31
2014-08-26 00:00,149,223.118,385.98,19.077,13.39,942,17.8,0,3.025,334.3,25.07
2014-08-27 00:00,150,223.937,388.575,20.2425,14.75,941,55.49,0,3.113,322.2,33.29
2014-08-28 00:00,151,228.733,394.58,20.959,14.4,935,57.04,0,4.141,323.2,18.75
2014-08-29 00:00,152,176.372,226.153,54.898,9.61,937,80.1,0,5.558,329.8,13.62
2014-08-30 00:00,153,152.19,85.0911,102.004,7.051,950,86.1,0,4.744,317.5,16.29
2014-08-31 00:00,154,181.628,226.917,78.3414,7.638,955,90.7,0,2.485,286.8,26.68
2014-09-01 00:00,155,233.623,379.084,23.7123,10.01,952,89,0,2.569,294,31.81
2014-09-02 00:00,156,213.014,298.454,38.3152,13.04,949,55.94,0,1.631,293.5,29.3
2014-09-03 00:00,157,237.297,385.935,25.0752,17.33,946,22.91,0,3.222,340.4,25.58
2014-09-04 00:00,158,220.153,279.922,57.3156,20.5,945,38.06,0,4.246,336.1,24.47
2014-09-05 00:00,159,229.203,336.038,37.6602,16.91,946,20.81,0,2.053,303.8,38.27
2014-09-06 00:00,160,236.025,352.129,34.9413,23.69,943,54.65,0,5.229,343.7,16.73
2014-09-07 00:00,161,187.731,156.33,98.7303,18.67,943,83,0,3.365,306.6,23.23
2014-09-08 00:00,162,250.772,399.738,24.6498,17.31,944,23.44,0,2.02,320.2,25.17
2014-09-09 00:00,163,232.368,333.131,40.5682,14.84,947,84.5,0,2.835,284,19.04
2014-09-10 00:00,164,239.609,334.67,35.9165,17.24,941,87.7,0,2.253,283.7,13.64
2014-09-11 00:00,165,237.914,302.737,52.9153,16.1,941,85.6,0,3.491,281.1,10.86
2014-09-12 00:00,166,233.966,299.918,44.8894,14.87,939,92,0,1.898,292.9,19.01
2014-09-13 00:00,167,248.729,339.393,42.37,16.53,943,83.9,0,1.794,295.8,29.07
2014-09-14 00:00,168,230.868,255.551,70.2009,16.38,943,70.99,0,1.74,283.5,16.21
2014-09-15 00:00,169,151.23,84.8945,87.6503,18.3,940,36.79,0,3.013,316.3,33.39
2014-09-16 00:00,170,243.149,323.935,45.3217,23.7,942,22.93,0,2.985,320.7,31.94
2014-09-17 00:00,171,228.664,220.399,97.6414,18.63,941,88.9,0,2.46,281.8,11.45
2014-09-18 00:00,172,151.389,81.8208,93.3053,22.4,933,71.56,0,6.176,333.6,28.17
2014-09-19 00:00,173,195.923,204.888,72.577,16.08,936,42.24,0,7.537,326.7,9.8
2014-09-20 00:00,174,278.294,424.705,25.1376,11.28,948,61.26,0,5.75,314.7,16.85
2014-09-21 00:00,175,267.184,380.093,40.7688,11.16,950,55.59,0,2.225,300.4,34.3
2014-09-22 00:00,176,275.873,410.719,28.5828,14.25,947,71.75,0,2.526,290.4,24.25
2014-09-23 00:00,177,226.977,190.423,86.022,18.22,942,38.7,0,3.012,293.8,29.03
2014-09-24 00:00,178,156.502,66.8294,112.872,23.94,940,96.2,0,5.055,331.2,26.85
2014-09-25 00:00,179,175.645,239.304,26.8242,16.56,940,84.9,0,3.329,307.3,31.08
2014-09-26 00:00,180,265.528,339.166,38.3802,15.86,942,91.1,0,2.382,285.8,13.05
2014-09-27 00:00,181,245.592,291.556,43.0468,15.55,939,80.5,0,2.482,282.2,11.26
2014-09-28 00:00,182,188.629,133.448,110.656,12.72,945,73.86,0,4.469,296.6,15.28
2014-09-29 00:00,183,214.007,80.7328,155.38,11.3,945,85.5,0,7.044,278,21.8
2014-09-30 00:00,184,244.638,241.425,86.6878,14.33,940,93.6,0,2.665,297.6,20.08
2014-10-01 00:00,185,104.492,10.1404,96.8828,11.06,943,96.7,0,2.952,316.2,17.83
2014-10-02 00:00,186,201.932,105.317,129.79,13.95,949,95,0,3.676,279.7,8.78
2014-10-03 00:00,187,256.472,268.148,75.6662,13.15,948,96.9,0,2.912,284.4,12.24
2014-10-04 00:00,188,266.875,300.735,62.2613,13.72,948,84.5,0,2.194,290.3,16.66
2014-10-05 00:00,189,305.204,446.257,23.7898,14.53,949,91.9,0,2.626,293.6,27.55
2014-10-06 00:00,190,285.985,356.236,39.0078,17.34,946,48.18,0,1.864,292.6,28.76
2014-10-07 00:00,191,303.971,407.428,39.72,24.89,940,25.62,0,4.244,338.4,18.17
2014-10-08 00:00,192,256.348,267.664,68.0003,24.2,936,72.72,0,5.895,317.5,30.27
2014-10-09 00:00,193,194.67,111.845,114.358,15.87,936,61.73,0,3.544,289.3,17.03
2014-10-10 00:00,194,226.148,164.72,134.989,12.63,941,66.6,0,3.913,288.8,10.68
2014-10-11 00:00,195,272.566,230.147,118.681,12.46,946,87.2,0,4.918,280.2,22.47
2014-10-12 00:00,196,284.052,302.853,75.1784,16.95,940,79.57,0,2.489,283.5,19.02
2014-10-13 00:00,197,303.026,381.09,56.9144,17.85,943,69.46,0,3.545,283.4,25.35
2014-10-14 00:00,198,276.383,274.998,92.9297,16.86,947,84.2,0,5.125,276.6,14.08
2014-10-15 00:00,199,304.038,341.082,75.5115,18.1,939,77.59,0,2.621,286.5,9.38
2014-10-16 00:00,200,298.959,315.869,67.5033,17.97,938,78.22,0,4.304,298.4,28.86
2014-10-17 00:00,201,159.381,50.4426,124.276,14.88,940,84.4,0,4.576,288.9,12
2014-10-18 00:00,202,159.27,92.8251,117.361,11.22,949,81.5,0,4.032,278.3,10.5
2014-10-19 00:00,203,337.322,474.995,27.0366,13.92,944,54.27,0,1.886,295.5,29.18
2014-10-20 00:00,204,333.855,470.352,26.7962,19.04,941,83.2,0,3.527,289.8,25.16
2014-10-21 00:00,205,213.756,166.397,97.723,16.67,943,85.8,0,3.996,282.4,9.62
2014-10-22 00:00,206,247.121,244.84,75.6235,18.09,943,91.2,0,3.248,282.6,9.67
2014-10-23 00:00,207,300.516,347.014,44.3339,20.82,941,57.19,0,2.648,283.9,13.89
2014-10-24 00:00,208,312.129,333.348,74.6513,23.09,937,59.45,0,3.546,284.6,21.14
2014-10-25 00:00,209,319.602,368.236,68.7122,18.29,942,78.79,0,4.811,280.5,13.3
2014-10-26 00:00,210,161.729,28.1728,139.56,16.75,945,80.4,0,7.424,278.7,20.59
2014-10-27 00:00,211,331.733,435.069,40.4376,19,944,71.95,0,3.857,284.5,10.61
2014-10-28 00:00,212,289.527,303.395,66.0942,24.73,939,50.63,0,5.697,335,23.62
2014-10-29 00:00,213,186.79,129.979,102.599,22.31,938,97.2,0,3.702,291.4,35.45
2014-10-30 00:00,214,324.56,382.923,58.4208,25.25,934,80.6,0,5.006,329.1,24.25
2014-10-31 00:00,215,329.03,403.524,47.3362,20.06,939,93.9,0,5.025,293.2,29.8
2014-11-01 00:00,216,125.365,0.491716,126.669,13.37,945,81.1,0,6.974,278,16.68
2014-11-02 00:00,217,120.896,25.2779,107.174,15.17,940,90.6,0,2.451,285,27.91
2014-11-03 00:00,218,284.254,251.85,78.6744,20.14,940,86.4,0,2.722,282.1,12.86
2014-11-04 00:00,219,196.909,139.383,108.051,22,938,92.1,0,2.272,295.1,41.16
2014-11-05 00:00,220,209.423,152.48,94.4503,17.31,940,85.1,0,4.936,319.7,18.31
2014-11-06 00:00,221,306.952,351.42,95.7932,17.51,948,83.2,0,3.69,302.3,31.14
2014-11-07 00:00,222,340.236,352.469,47.2278,19.72,946,84.1,0,2.923,283.4,13.27
2014-11-08 00:00,223,313.398,291.573,69.8424,19.31,943,78.95,0,3.598,282.1,9.54
2014-11-09 00:00,224,321.079,283.103,78.0439,23.94,936,42.16,0,2.936,293.4,22.87
2014-11-10 00:00,225,290.925,249.451,93.4891,22.88,935,75.25,0,3.7,287.7,23.51
2014-11-11 00:00,226,207.43,63.3748,156.525,18.36,940,83.8,0,7.066,278.1,18.36
2014-11-12 00:00,227,210.951,163.412,66.122,18.69,938,77.48,0,3.666,279.8,35.96
2014-11-13 00:00,228,180.544,52.5981,152.722,20.21,931,72.89,0,3.865,320.1,38.01
2014-11-14 00:00,229,261.307,115.67,223.124,17.88,937,92.2,0,4.839,321.4,17.14
2014-11-15 00:00,230,340.171,210.329,241.79,19.61,936,30.49,0,3.277,320.1,18.55
2014-11-16 00:00,231,339.776,299.226,152.576,13.6,943,78,0,7.162,317.4,11.26
2014-11-17 00:00,232,323.736,244.93,154.406,12.39,949,72.64,0,2.969,297.3,21.8
2014-11-18 00:00,233,360.832,414.518,52.8344,14.29,950,81.1,0,3.046,282.2,24.66
2014-11-19 00:00,234,379.471,515.142,27.5417,16.44,947,77.36,0,2.332,282,10.52
2014-11-20 00:00,235,341.18,350.414,70.0373,17.06,942,72.98,0,2.051,283.2,12.34
2014-11-21 00:00,236,325.902,357.837,90.8544,17.93,939,81.9,0,2.763,285.6,19.58
2014-11-22 00:00,237,384.425,526.62,26.3712,18.78,941,71.07,0,2.75,282.6,12.69
2014-11-23 00:00,238,364.995,429.798,50.7535,21.62,939,70.07,0,3.535,288.2,16.71
2014-11-24 00:00,239,132.035,30.0339,106.897,20.07,938,98.7,0,4.153,293.9,42.08
2014-11-25 00:00,240,215.885,120.056,129.51,17.74,943,93.1,0,3.796,285,17.92
2014-11-26 00:00,241,290.993,244.448,121.165,18.94,942,93.3,0,4.387,285,13.45
2014-11-27 00:00,242,260.696,198.351,93.9683,22.61,934,33.83,0,3.423,305.5,24.32
2014-11-28 00:00,243,384.575,481.909,47.5332,20.69,934,73.31,0,5.105,315.2,21.22
2014-11-29 00:00,244,370.974,401.945,62.334,19.34,941,72.27,0,3.397,288,20.45
2014-11-30 00:00,245,348.35,374.45,90.34,20.04,942,76.77,0,3.301,279.9,14.84
2014-12-01 00:00,246,382.84,496.377,35.2481,22.87,941,73.36,0,2.98,284.5,11.5
2014-12-02 00:00,247,380.301,495.291,33.3027,25.43,938,64.13,0,3.499,283.8,25.08
2014-12-03 00:00,248,77.6692,0.154946,78.629,17.17,940,98.3,0,5.416,280,10.15
2014-12-04 00:00,249,138.115,23.0587,125.31,17.82,938,92.2,0,4.938,282,14.67
2014-12-05 00:00,250,223.584,97.3202,161.424,18.22,940,84.5,0,4.577,281.3,10.8
2014-12-06 00:00,251,242.401,126.242,174.326,16.93,945,87.1,0,4.637,279.7,8.43
2014-12-07 00:00,252,285.178,288.809,78.8119,19.56,943,85,0,3.208,283.6,8.85
2014-12-08 00:00,253,344.721,359.522,59.8227,22.36,938,81.2,0,2.746,287,11.35
2014-12-09 00:00,254,279.915,213.636,110.74,24.19,936,67.29,0,1.778,288.5,22.23
2014-12-10 00:00,255,313.112,285.743,87.8896,25.43,935,86.9,0,4.385,300.6,36.26
2014-12-11 00:00,256,157.799,14.3196,153.102,19.43,941,81.5,0,4.608,278.8,10.78
2014-12-12 00:00,257,332.519,305.106,80.3794,21.85,937,81.2,0,4.439,283.8,12.18
2014-12-13 00:00,258,337.774,383.002,89.6234,21.96,938,62.14,0,4.499,297.9,26.98
2014-12-14 00:00,259,350.397,375.471,64.6396,20.48,941,76.34,0,4.035,279.4,9.49
2014-12-15 00:00,260,387.253,490.489,39.7457,21.39,937,77.67,0,4.673,282.1,18.74
2014-12-16 00:00,261,75.0335,0.13809,75.9474,15.65,942,82.3,0,6.123,279.5,11.13
2014-12-17 00:00,262,280.857,245.394,140.813,19.45,943,83.4,0,3.999,281.2,9.39
2014-12-18 00:00,263,398.906,537.288,27.8037,21.95,941,58.53,0,1.94,286.1,23.57
2014-12-19 00:00,264,395.342,525.947,29.9097,23.91,937,71.99,0,3.827,287.7,26.18
2014-12-20 00:00,265,390.745,483.712,39.8863,21.36,938,69.93,0,3.125,282.3,17.65
2014-12-21 00:00,266,366.713,414.101,49.5341,21.07,939,69.3,0,3.721,284.3,15.46
2014-12-22 00:00,267,397.204,519.087,33.969,21.18,937,63,0,3.748,295.6,21.78
2014-12-23 00:00,268,395.975,529.151,30.0219,21.92,939,73.17,0,3.273,279.3,11.72
2014-12-24 00:00,269,388.539,491.633,38.0972,22.63,936,69.86,0,3.346,285.8,17.07
2014-12-25 00:00,270,394.819,530.958,29.1978,24.65,937,71.28,0,2.127,299.9,23.22
2014-12-26 00:00,271,398.957,528.846,31.3968,25.31,933,68.86,0,4.682,302.1,21.86
2014-12-27 00:00,272,340.531,329.114,87.1016,20.73,937,75.52,0,5.323,279.9,17.27
2014-12-28 00:00,273,296.402,236.222,129.705,19.99,936,79.5,0,4.447,289.6,14.87
2014-12-29 00:00,274,327.273,289.683,96.8836,20.59,940,77.99,0,5.76,279.7,12.59
2014-12-30 00:00,275,335.214,311.041,105.116,21.26,941,94,0,5.025,279.4,13.21
2014-12-31 00:00,276,281.32,233.176,115.816,21.79,939,84,0,4.623,283.6,14.4
2015-01-01 00:00,277,266.527,145.528,151.139,21.3,937,81.2,0,5.076,283,14.66
2015-01-02 00:00,278,383.361,455.535,41.1167,24.74,934,40.13,0,3.233,290.6,18.88
2015-01-03 00:00,279,386.435,503.728,34.5021,24.84,935,74.2,0,4.804,281.8,22.84
2015-01-04 00:00,280,341.695,345.58,80.399,23.39,937,74.53,0,3.26,285,15.58
2015-01-05 00:00,281,328.289,323.962,102.05,23.82,937,76.78,0,3.063,286.2,12.44
2015-01-06 00:00,282,382.538,481.504,40.4411,25.49,936,60.7,0,3.322,302.1,23.98
2015-01-07 00:00,283,331.227,333.381,84.8876,24.32,939,62.57,0,4.081,279.9,13.92
2015-01-08 00:00,284,345.78,376.084,57.5041,25.17,938,35.7,0,3.418,296.2,36.6
2015-01-09 00:00,285,299.805,257.737,77.5074,,937,81.2,0,5.609,306.6,34.29
2015-01-10 00:00,286,266.276,179.582,156.553,,943,71.95,0,5.319,278.3,10.42
2015-01-11 00:00,287,326.95,348.465,56.9047,,940,48.27,0,3.505,287.4,25.58
2015-01-12 00:00,288,370.401,410.418,70.1627,,941,78.3,0,4.531,281.9,12.99
2015-01-13 00:00,289,351.413,394.289,56.6896,,935,59.73,0,4.236,300.2,25.69
2015-01-14 00:00,290,154.785,32.9719,130.763,22.05,940,82.5,0,5.452,276.1,14.71
2015-01-15 00:00,291,279.38,251.095,61.3725,23.46,939,83.2,0,3.236,291.7,31.15
2015-01-16 00:00,292,268.515,303.149,59.4166,26.5,933,77.77,0,3.165,314.4,30.17
2015-01-17 00:00,293,237.286,249.87,77.6527,19.76,934,75.68,0,5.193,306.4,29.31
2015-01-18 00:00,294,391.93,518.228,34.1313,17.64,942,78.14,0,3.362,271.6,11.64
2015-01-19 00:00,295,382.903,504.507,32.1275,20.57,940,56.43,0,2.974,285.2,16.38
2015-01-20 00:00,296,357.025,391.654,66.2499,,943,71.48,0,4.186,278.2,14.25
2015-01-21 00:00,297,386.685,512.824,33.0303,,941,65.61,0,3.105,285.5,14.64
2015-01-22 00:00,298,379.565,492.796,35.1341,23.25,941,77.49,0,4.455,282.8,16.17
2015-01-23 00:00,299,373.435,482.52,36.7358,,943,61.99,0,3.373,286.5,12.65
2015-01-24 00:00,300,377.628,496.667,33.0899,,939,54.1,0,3.007,287.2,22.32
2015-01-25 00:00,301,282.746,284.43,79.3463,,934,20.87,0,3.043,286.8,31.81
2015-01-26 00:00,302,330.304,315.64,85.8185,,935,52.65,0,4.288,296.4,29.67
2015-01-27 00:00,303,119.382,25.8856,100.055,,937,91.6,0,3.143,284.7,24.1
2015-01-28 00:00,304,57.3047,0.128145,57.9238,,942,87.9,0,4.744,280.3,8.6
2015-01-29 00:00,305,275.776,211.198,134.208,,941,83.9,0,4.38,282.7,14.41
2015-01-30 00:00,306,366.562,449.36,36.8487,,939,57.68,0,2.908,281.4,14.19
2015-01-31 00:00,307,235.853,234.047,72.7088,,936,86,0,3.284,306.4,37.74
2015-02-01 00:00,308,240.748,193.457,88.4767,22.33,937,89.6,0,5.469,288.6,29.97
2015-02-02 00:00,309,294.083,252.132,116.007,15.99,941,80.3,0,4.256,282.3,21.47
2015-02-03 00:00,310,356.486,432.477,44.8871,16.87,938,67.5,0,2.722,283,17.44
2015-02-04 00:00,311,361.65,502.129,23.9062,23.44,934,63.7,0,2.659,276.5,14.43
2015-02-05 00:00,312,332.613,366.98,55.8985,22.77,932,87,0,4.441,286.4,15.49
2015-02-06 00:00,313,314.435,351.675,79.6484,20.47,936,77.6,0,2.617,294.6,23.3
2015-02-07 00:00,314,343.304,379.393,65.7002,19.71,937,79.7,0,3.508,280.2,13.84
2015-02-08 00:00,315,339.345,405.382,39.7078,23.13,937,82.5,0,3.132,281.8,11.11
2015-02-09 00:00,316,338.857,410.51,35.0925,,935,33.7,0,1.699,291,24.25
2015-02-10 00:00,317,300.647,341.705,69.0217,,934,78.47,0,3.969,295.1,23.43
2015-02-11 00:00,318,341.983,424.677,47.1141,26.47,937,76.64,0,3.181,291.8,19.78
2015-02-12 00:00,319,327.011,371.425,49.3508,22.58,941,68.16,0,4.435,280.5,11.7
2015-02-13 00:00,320,307.895,345.401,62.947,22.74,937,86.5,0,3.581,285.1,13.69
2015-02-14 00:00,321,196.808,147.793,74.0874,20.24,934,97.8,0,3.599,285.3,18.36
2015-02-15 00:00,322,274.418,276.033,119.078,19.42,938,80.3,0,4.246,312.4,22.51
2015-02-16 00:00,323,290.872,316.363,92.6869,16.18,943,80.1,0,3.126,287,21.66
2015-02-17 00:00,324,312.848,370.32,60.2382,16.54,945,80.4,0,4.073,277.1,12.49
2015-02-18 00:00,325,321.848,427.434,35.2719,18.87,940,68.25,0,2.343,291.6,16.08
2015-02-19 00:00,326,347.606,482.435,27.8486,,935,33.69,0,3.823,312,28.15
2015-02-20 00:00,327,333.237,438.304,38.2665,21.22,938,69.74,0,4.639,281.6,19.57
2015-02-21 00:00,328,328.848,390.218,43.047,21.27,936,77.01,0,4.02,281.3,10.64
2015-02-22 00:00,329,259.37,189.606,125.056,18.9,940,61.46,0,4.882,287.6,12.55
2015-02-23 00:00,330,343.277,487.539,26.0121,17.55,945,76.84,0,3.199,282.1,8.97
2015-02-24 00:00,331,286.4,345.867,48.1303,21.19,940,74.21,0,2.956,286.9,11.17
2015-02-25 00:00,332,313.817,381.244,45.737,22.38,939,95.7,0,3.716,284.9,24.98
2015-02-26 00:00,333,305.796,350.285,53.7992,,936,79.59,0,2.956,282.9,13.76
2015-02-27 00:00,334,309.246,329.526,65.4774,,935,68.09,0,4.248,282.1,12.17
2015-02-28 00:00,335,132.082,23.1786,116.253,20.35,941,81.1,0,4.586,281.3,10.64
2015-03-01 00:00,336,262.711,235.206,109.64,,941,46.7,0,3.104,286.1,13.36
2015-03-02 00:00,337,243.459,192.665,109.764,,941,76.02,0,4.492,282.6,15.94
2015-03-03 00:00,338,312.512,411.181,46.2918,,946,76.8,0,3.57,283.9,11.96
2015-03-04 00:00,339,325.978,476.759,22.5766,22.22,943,26.73,0,1.815,298.3,31.77
2015-03-05 00:00,340,267.31,319.051,67.8386,,938,83.4,0,4.545,328.4,25.98
2015-03-06 00:00,341,276.47,304.08,83.5676,,941,82.1,0,4.106,286.6,26.33
2015-03-07 00:00,342,261.294,298.848,50.3965,20.26,941,70.81,0,2.499,288.7,28.53
2015-03-08 00:00,343,294.4,372.316,42.448,24.25,940,74.97,0,3.603,304.6,29.04
2015-03-09 00:00,344,285.664,335.506,60.5529,,943,86.7,0,3.974,279,15.46
2015-03-10 00:00,345,294.276,394.429,31.0013,,940,59.01,0,2.102,285.5,17.4
2015-03-11 00:00,346,175.733,149.761,80.2289,,939,78.67,6.35,7.345,280.3,25.91
2015-03-12 00:00,347,183.226,86.3086,121.043,21.08,942,52.73,0,4.161,283.9,14.5
2015-03-13 00:00,348,218.103,251.399,58.6989,25.13,937,60.68,0.254,3.527,292.2,29.09
2015-03-14 00:00,349,184.313,142.98,99.0124,19.82,941,80.7,0,4.805,281.1,13.32
2015-03-15 00:00,350,285.31,382.608,43.5294,21.89,939,74.58,0,2.149,289.8,17.58
2015-03-16 00:00,351,265.339,343.912,51.3766,26.08,937,62.38,0,3.99,313.1,37.07
2015-03-17 00:00,352,158.681,67.8068,118.295,,942,57.32,0,3.944,277.5,10.42
2015-03-18 00:00,353,95.4883,1.01986,95.8296,,944,95.7,0.508,5.723,278.9,11.97
2015-03-19 00:00,354,239.978,261.506,48.027,,934,79.67,0,1.958,296.2,26.92
2015-03-20 00:00,355,272.527,374.665,39.4611,,938,84,0,3.089,295.8,29.41
2015-03-21 00:00,356,275.723,376.559,39.624,23.92,940,22.84,0,2.932,325,16.53
2015-03-22 00:00,357,83.3737,14.893,77.8401,22.09,940,57.24,0,2.779,319.1,35.93
2015-03-23 00:00,358,235.892,306.76,33.4886,20.34,942,98.6,13.46,3.019,287.7,20.49
2015-03-24 00:00,359,197.871,184.873,71.9187,,941,98.4,21.08,3.172,292.6,23.06
2015-03-25 00:00,360,199.919,198.885,66.0863,,938,91.3,13.97,2.546,316.8,37.31
2015-03-26 00:00,361,252.036,366.415,34.8966,21.51,937,97.7,1.27,2.752,295.9,32.54
2015-03-27 00:00,362,183.351,253.832,51.3817,18.43,940,95.8,11.18,2.535,283.1,20.75
2015-03-28 00:00,363,245.313,293.706,64.3228,17.1,945,83.4,0,3.079,283.5,12.35
2015-03-29 00:00,364,263.337,415.121,22.7876,16.8,943,97.5,0,2.059,282.2,8.23
2015-03-30 00:00,365,217.448,272.764,45.0794,17.29,940,86,0,1.896,283.3,9.66
2015-03-31 00:00,366,233.571,301.824,43.9176,19.7,942,93.2,0,2.515,286.8,13.71
2015-04-01 00:00,367,227.419,298.383,36.7648,,942,68.24,0,1.651,293.9,35.11
2015-04-02 00:00,368,218.24,284.591,49.2812,,941,86.2,0,3.959,312.5,31.17
2015-04-03 00:00,369,123.559,22.9908,108.495,19.37,941,99.2,2.286,2.204,288.6,15.97
2015-04-04 00:00,370,67.8354,0.237412,68.4376,,940,-100,0,3.502,283.7,7.968
2015-04-05 00:00,371,88.1121,32.0643,77.057,,937,-100,4.318,2.061,289.5,13.27
2015-04-06 00:00,372,94.4175,3.23535,94.4597,,943,96.2,4.826,4.013,296.1,16.84
2015-04-07 00:00,373,131.941,18.0582,120.824,,946,-100,0,2.626,287.5,9.7
2015-04-08 00:00,374,79.4959,1.29287,79.973,,946,98.2,0,1.876,298.5,18.52
2015-04-09 00:00,0,0,0,0,,942,100,0,1.535,268.8,15.98
2015-04-10 00:00,1,202.498,263.866,47.9702,,946,98.3,0,1.567,306,37.03
2015-04-11 00:00,2,230.511,363.762,20.0704,,941,73.1,0,1.681,310.2,47.3
2015-04-12 00:00,3,206.318,259.744,49.5029,,941,88.5,0,2.517,316.6,40.3
2015-04-13 00:00,4,223.876,374.883,21.0338,,944,76.56,0,2.305,321.5,38.98
2015-04-14 00:00,5,225.049,379.133,21.3141,,942,47.03,0,3.467,338.6,26.65
2015-04-15 00:00,6,208.985,265.788,54.0041,16.07,940,96.2,0.508,4.081,285.6,18.45
2015-04-16 00:00,7,183.18,177.511,94.4266,11.24,942,83.1,0,2.848,325.7,17.87
2015-04-17 00:00,8,150.706,128.926,85.758,9.98,945,86.6,0,3.921,321.4,17.16
2015-04-18 00:00,9,115.008,49.5179,88.5629,11.28,952,99.4,2.032,2.718,288.7,14.21
2015-04-19 00:00,10,125.485,70.3156,96.6297,12.64,949,96.9,0,2.174,279.8,10.21
2015-04-20 00:00,11,184.093,244.791,49.1859,13.87,943,81.6,0,1.999,307.5,40.52
2015-04-21 00:00,12,200.146,290.482,39.6491,14.73,942,84.7,0,1.698,292.3,28.58
2015-04-22 00:00,13,211.449,373.324,19.8465,12.83,947,99.6,0,2.976,298.2,30.6
2015-04-23 00:00,14,197.922,297.822,29.0584,15.57,943,86.7,0,1.829,286.3,22.44
2015-04-24 00:00,15,182.241,211.461,74.411,13.78,947,99.6,0,2.752,295.5,26.74
2015-04-25 00:00,16,172.482,212.842,57.3274,15.38,945,97.2,0,1.352,291.4,32.6
2015-04-26 00:00,17,190.225,283.25,37.3536,17.53,943,83.7,0,1.711,328.6,26.76
2015-04-27 00:00,18,192.585,324.564,26.4668,15.9,943,94,0,2.255,303.5,35.96
2015-04-28 00:00,19,196.333,337.476,24.5299,14.25,944,81.6,0,2.049,301.6,39.27
2015-04-29 00:00,20,188.602,279.334,38.311,14.52,940,68.39,0,1.999,321.2,35.57
2015-04-30 00:00,21,166.049,221.537,58.2007,14.3,937,87.3,0,2.628,315.1,32.89
2015-05-01 00:00,22,133.538,129.155,73.3142,13.26,942,80.9,0,3.231,324,17.93
2015-05-02 00:00,23,180.226,254.633,49.8441,13.89,942,56.98,0,2.715,340.6,21.84
2015-05-03 00:00,24,157.997,201.506,60.6589,13.99,943,68.81,0,1.833,314.9,43.16
2015-05-04 00:00,25,189.334,342.828,20.3492,13.45,944,56.03,0,2.494,331.9,33.15
2015-05-05 00:00,26,185.711,346.471,19.4458,15.66,944,69.35,0,2.833,334.9,31.35
2015-05-06 00:00,27,189.296,360.201,17.8056,17.32,941,72.73,0,4.832,317.5,26.96
2015-05-07 00:00,28,157.179,218.96,49.6533,12.14,947,78.34,0,1.92,291.2,22.29
2015-05-08 00:00,29,182.795,349.438,18.228,11.21,949,85.6,0,2.436,315.5,36.6
2015-05-09 00:00,30,124.597,99.5195,74.9559,13.52,945,27.45,0,1.472,322.8,36.38
2015-05-10 00:00,31,89.2655,38.5291,75.223,18.56,942,86.7,0,3.513,311.5,29.83
2015-05-11 00:00,32,123.021,78.4431,83.2987,13.52,945,93.1,0,2.275,284.4,16.87
2015-05-12 00:00,33,112.351,53.2781,84.1236,14.63,948,95.6,0,2.055,285.2,10.54
2015-05-13 00:00,34,116.564,150.016,49.2348,13,946,97,0,1.281,290.4,30.44
2015-05-14 00:00,35,167.438,283.352,28.799,14.44,939,58.98,0,2.477,331.1,28.62
2015-05-15 00:00,36,148.564,184.194,60.2541,13.64,940,83.4,0,2.068,300.6,30.78
2015-05-16 00:00,37,118.046,74.4119,80.5301,15.33,940,71.28,0,2.246,314.2,20.88
2015-05-17 00:00,38,163.923,299.474,23.3615,13.09,946,90.4,1.27,2.021,326.2,30.88
2015-05-18 00:00,39,155.099,253.222,37.2206,10.91,946,83.1,0,1.588,319.5,37.71
2015-05-19 00:00,40,103.955,41.1295,86.0533,18.15,940,31.5,0,4.193,341.9,7.348
2015-05-20 00:00,41,115.929,88.5399,69.3126,19.06,941,94,0,2.98,316.1,26.18
2015-05-21 00:00,42,150.763,258.718,33.9191,,944,22.31,0,3.411,327.2,41.98
2015-05-22 00:00,43,144.621,158.325,71.071,22.69,946,63.43,0,5.254,325.3,32.23
2015-05-23 00:00,44,109.736,91.6176,67.3195,13.48,949,62.79,0,1.346,314,35.28
2015-05-24 00:00,45,132.719,124.088,71.2887,22.62,942,40.73,0,5.93,341.9,22.36
2015-05-25 00:00,46,102.134,95.7266,54.8694,19.37,940,61.5,0,3.437,332.7,26.07
2015-05-26 00:00,47,143.843,251.979,27.7669,17.18,939,51.67,0,2.52,313.9,29.82
2015-05-27 00:00,48,148.007,250.993,45.1277,14.21,941,48.54,0,2.736,326.4,29.66
2015-05-28 00:00,49,156.538,324.215,16.441,13.23,943,66.71,0,2.346,315.9,42.09
2015-05-29 00:00,50,147.776,266.029,29.8106,12.51,941,54.78,0,2.623,322.6,33.82
2015-05-29 15:28,8,110.587,108.693,61.3352,10.93,944,91.3,0,5.83,323.7,15.9
2015-05-30 00:00,51,149.654,229.467,51.1467,16.11,938,34.88,0,3.86,339.5,20.96
2015-05-31 00:00,52,156.781,334.237,16.2028,15.6,940,84.3,0,1.93,313.5,36.28
2015-06-01 00:00,53,127.343,171.888,37.0491,11.72,943,74.91,0,2.871,286.6,18.95
2015-06-02 00:00,54,35.7296,0.176347,35.9748,12.13,945,93.3,0,6.294,281,12.06
2015-06-03 00:00,55,52.114,2.18,50.6781,13.51,940,99.6,2.032,2.266,318.2,30.35
2015-06-04 00:00,56,85.4644,129.054,44.8223,13.32,933,73.84,6.858,7.996,341.8,15.95
2015-06-05 00:00,57,87.1248,72.7008,49.6917,10.72,943,97.5,0.762,5.686,312.4,18.4
2015-06-06 00:00,58,124.476,190.902,54.0739,6.068,950,98.2,0,1.792,323.7,38.99
2015-06-07 00:00,59,81.4697,42.9522,69.8923,5.775,947,98.5,0,2.071,314.4,39.99
2015-06-08 00:00,60,137.969,259.47,24.6702,8.56,945,90.8,0,1.627,315.1,43.07
2015-06-09 00:00,61,148.851,325.897,14.6235,9.26,945,85.2,0,2.154,324.6,38.2
2015-06-10 00:00,62,147.708,319.855,16.8382,8.84,947,91.1,0,2.764,315.3,41.2
2015-06-11 00:00,63,115.721,130.519,58.8724,9.62,945,77.36,0,2.356,338.6,30.98
2015-06-12 00:00,64,99.6225,111.156,52.1665,12.57,946,78.27,0,3.645,344.2,15.25
2015-06-13 00:00,65,138.644,280.906,22.4804,12.53,949,77.6,0,3.154,337.9,30.09
2015-06-14 00:00,66,137.948,252.107,30.5556,15.49,946,44.32,0,4.724,343.8,9.25
2015-06-15 00:00,67,138.726,256.801,37.3137,18.01,943,30.63,0,5.613,343.8,11.35
2015-06-16 00:00,68,129.088,173.464,52.5855,16.68,940,43.67,0,4.141,335.7,20.24
2015-06-16 08:46,16,110.587,108.693,61.3352,10.93,944,91.3,0,5.83,323.7,15.9
2015-06-17 00:00,69,83.5665,107.647,40.4376,10.74,936,60.54,0.254,4.832,334.7,16.13
2015-06-17 06:09,40,7.34673e-41,2.2902e34,-107374000,-107374000,3.76692e29,7.34673e-41,-107374000,-1.26791e15,7.34673e-41,-107374000
2015-06-18 00:00,70,110.587,108.693,61.3352,10.93,944,91.3,0,5.83,323.7,15.9
2015-06-18 03:00,2408,110.587,108.693,61.3352,10.93,944,91.3,0,5.83,323.7,15.9
2015-06-18 06:00,5199,7.34673e-41,2.2902e34,-107374000,-107374000,3.76692e29,7.34673e-41,-107374000,-1.26791e15,7.34673e-41,-107374000
2015-06-19 00:00,71,144.947,318.96,16.3036,10.16,947,71.65,0,3.514,340.9,20.59
2015-06-20 00:00,72,144.204,316.901,16.201,9.96,952,77.15,0,2.678,324.8,35.21
2015-06-21 00:00,73,144.161,314.353,16.8846,11.84,951,39.57,0,3.31,343.3,12.44
2015-06-22 00:00,74,140.696,287.828,21.9379,17.65,949,46,0,5.212,346.5,12.83
2015-06-23 00:00,75,141.155,294.041,20.5729,17.82,945,39.39,0,5.47,345.1,22.19
2015-06-24 00:00,76,142.497,295.077,21.3736,19.66,940,27.76,0,6.745,342.4,26.23
2015-06-25 00:00,77,145.742,318.643,17.1342,15.43,940,69.08,0,5.817,332.6,19.09
2015-06-26 00:00,78,145.325,311.103,17.7624,8.12,950,78.5,0,2.674,319.8,25.46
2015-06-27 00:00,79,135.87,271.579,22.9519,7.406,952,86,0,2.79,323.9,32.81
2015-06-28 00:00,80,81.2088,71.7986,48.7272,9.82,945,71.03,0.762,2.132,335.9,28.13
2015-06-29 00:00,81,120.329,157.142,55.4157,13.63,946,67.33,0,5.147,346.9,11.77
2015-06-30 00:00,82,115.479,155.166,46.5438,10.83,949,93.1,0,2.892,316.1,31.79
2015-07-01 00:00,83,139.529,284.581,19.6976,8.62,949,77.16,0,1.943,308.4,40.81
2015-07-02 00:00,84,144.941,312.017,17.0718,10.01,950,72.32,0,2.364,318,40.95
2015-07-03 00:00,85,141.78,287.381,20.9371,8.22,949,73.54,0,1.97,329.1,28.47
2015-07-04 00:00,86,134.974,245.351,30.3104,12.16,946,64.68,0,2.633,336.8,22.38
2015-07-05 00:00,87,126.322,187.307,45.547,12.17,945,76.65,0,1.23,285.8,25.7
2015-07-06 00:00,88,41.5418,2.90653,40.6717,13.23,944,88.6,0,2.428,286.8,37.63
2015-07-07 00:00,89,88.0119,76.839,55.6743,12.39,952,99.4,0,2.39,289.6,15.41
2015-07-08 00:00,90,90.8729,41.918,69.5536,13.55,948,26.29,0,2.554,337.9,25.45
2015-07-09 00:00,91,141.783,249.381,34.7383,16.63,946,76.34,0,5.131,326,19.38
2015-07-10 00:00,92,124.719,138.398,58.7694,12.59,949,87.5,0,3.348,307,33.59
2015-07-11 00:00,93,141.027,235.658,29.9722,12.02,946,35.08,0,1.789,289.4,22.29
2015-07-12 00:00,94,67.0807,29.0261,58.3413,20.52,936,46.97,0,7.327,343.1,18.51
2015-07-13 00:00,95,90.4655,63.1874,68.5923,11.39,941,54.92,0,4.428,324.5,17.09
2015-07-14 00:00,96,154.532,316.974,19.3384,4.533,950,55.61,0,2.937,335.7,25.88
2015-07-15 00:00,97,88.3571,56.1998,60.1259,5.006,947,92.9,0,2.236,327.2,38.11
2015-07-16 00:00,98,151.786,306.686,20.108,9.66,942,69.21,0,2.58,332.5,29.55
2015-07-17 00:00,99,128.373,187.904,35.4484,8.1,938,92.7,0,2.566,312.8,27.75
2015-07-18 00:00,100,116.928,175.446,39.274,10.71,939,48.84,0,5.371,342.8,7.966
2015-07-19 00:00,101,61.5639,4.69011,60.3068,11.69,943,99.8,3.048,3.299,325.5,32.83
2015-07-20 00:00,102,156.279,298.763,18.6353,11.22,943,92.7,0,1.976,319.5,28.62
2015-07-21 00:00,103,50.4014,0.250427,50.9181,9.7,947,86.7,0,2.334,290.5,21.36
2015-07-22 00:00,104,10.221,0.00000489713,10.2956,8.57,951,98.1,13.46,4.873,283.5,9
2015-07-23 00:00,105,58.7009,12.1204,52.4867,11.23,948,60.93,1.016,2.965,326,31.97
2015-07-24 00:00,106,128.31,195.211,36.3539,12.18,941,90.7,8.89,4.079,312.6,26.48
2015-07-25 00:00,107,112.861,75.8602,81.3238,10.31,944,88.6,0,1.86,321,30.81
2015-07-26 00:00,108,51.2642,8.31492,48.846,8.5,949,90.8,11.18,2.112,303.7,24.72
2015-07-27 00:00,109,168,339.132,16.8161,9.08,951,95.8,0,1.984,312.3,40.99
2015-07-28 00:00,110,169.855,333.255,17.7038,10.26,945,61.26,0,3.057,334.2,33.93
2015-07-29 00:00,111,170.854,332.201,20.9806,14.33,939,42.89,0,5.372,340.8,32.18
2015-07-30 00:00,112,167.455,313.603,22.7724,11.24,937,75.3,0,2.875,317.3,28.22
2015-07-31 00:00,113,109.026,134.051,55.4505,9.11,940,93.2,6.604,4.386,333,14.11
2015-08-01 00:00,114,170.972,308.294,34.3444,6.585,950,94.4,0.254,3.784,331.9,20.46
2015-08-02 00:00,115,174.887,346.061,17.773,8.75,951,75.58,0,2.914,318.2,39.97
2015-08-03 00:00,116,175.351,274.452,44.5507,13.68,947,27.55,0,5.258,345.7,15.63
2015-08-04 00:00,117,142.443,150.574,71.0142,19.04,942,25.81,0,6.901,344.7,12.36
2015-08-05 00:00,118,181.234,339.863,20.1229,16.6,941,49.47,0,5.574,330.7,18.68
2015-08-06 00:00,119,185.288,358.578,18.6968,11.97,949,49.14,0,3.104,329.8,31.8
2015-08-07 00:00,120,184.453,357.75,17.5479,12.2,948,38.89,0,2.82,326,38.77
2015-08-08 00:00,121,184.954,340.536,23.7421,18.67,945,25.67,0,5.126,347.6,12.99
2015-08-09 00:00,122,181.781,314.33,28.9595,21,944,72.07,0,6.372,343.9,10.9
2015-08-10 00:00,123,145.423,207.266,40.5512,11.32,946,82.3,0,2.715,296.4,23.07
2015-08-11 00:00,124,190.456,353.31,20.8461,8.11,949,91.4,0,2.578,288.3,35.38
2015-08-12 00:00,125,191.989,349.672,20.9947,8.42,947,80.2,0,2.555,314.6,42.53
2015-08-13 00:00,126,56.1049,6.68103,53.725,10.56,940,33.96,0,2.441,336.7,29.21
2015-08-14 00:00,127,196.567,362.428,20.1075,14.81,936,53.09,0,4.396,330.5,12.75
2015-08-15 00:00,128,189.053,303.677,40.4694,12.9,943,70.52,0,2.505,310,38.58
2015-08-16 00:00,129,113.411,67.3071,88.5797,18.72,939,65.56,0,5.248,338.5,22.03
2015-08-17 00:00,130,168.447,219.942,54.3119,11.85,948,88.1,0,2.626,285.8,19.54
2015-08-18 00:00,131,157.055,161.947,58.7401,14.55,947,91.3,0,1.904,301,30.7
2015-08-19 00:00,132,126.291,92.309,73.2296,13.02,941,91.2,0,1.888,300.6,36.76
2015-08-20 00:00,133,38.2781,0.127359,38.6598,12.89,943,83.6,0,3.915,283.1,11.17
2015-08-21 00:00,134,59.6557,3.47313,58.8913,13.07,945,98.5,0,3.759,286.4,8.17
2015-08-22 00:00,135,198.31,279.154,48.5032,13.75,946,97.3,0,1.436,289.5,21.82
2015-08-23 00:00,136,161.168,154.516,66.547,12.47,946,89.4,0,1.791,301.9,34.85
2015-08-24 00:00,137,47.4938,10.1363,45.2397,14.87,944,99.7,0.254,2.669,316.3,39.54
2015-08-25 00:00,138,102.982,41.6795,78.8829,19.96,941,49.61,0,3.218,335.2,39.37
2015-08-26 00:00,139,160.211,185.838,59.1188,21.83,941,96.9,0,3.845,327.8,23.47
2015-08-27 00:00,140,38.413,6.74052,37.8446,14.39,944,100,3.556,1.487,310.9,42.59
2015-08-28 00:00,141,72.8285,20.1928,63.0416,15.35,942,99.6,1.778,2.03,284.3,33.53
2015-08-29 00:00,142,197.712,288.322,41.2826,17.3,940,100,0,2.493,309,32.12
2015-08-30 00:00,143,106.964,21.8198,95.7427,14.81,944,92.3,0,2.778,290.4,9.67
2015-08-31 00:00,144,32.6271,0.194339,33.1092,13.72,944,100,2.286,2.266,291.3,21.42
2015-09-01 00:00,145,22.2237,0.524993,22.2334,13.48,939,93.4,12.95,2.46,322.9,41.1
2015-09-02 00:00,146,117.732,13.0586,110.603,12.23,944,79.19,5.842,5.332,326.6,7.328
2015-09-03 00:00,147,133.928,82.7707,85.3621,11,950,97.2,2.794,2.408,313.3,32.59
2015-09-04 00:00,148,204.705,221.635,80.9122,10.91,955,97.5,0,3.555,277.3,13.31
2015-09-05 00:00,149,224.456,294.057,45.8532,11.05,953,94.4,0,2.238,313,30.22
2015-09-06 00:00,150,231.285,330.215,34.4554,14.51,948,78.63,0,2.07,298.8,37.71
2015-09-07 00:00,151,229.703,318.984,46.6702,18.4,941,46.99,0,5.075,346.2,13.45
2015-09-08 00:00,152,110.763,47.8866,81.4829,17.63,937,80.3,0,5.054,332,21.49
2015-09-09 00:00,153,226.504,271.198,65.3242,13.35,942,90.2,0.254,1.729,283.8,15.47
2015-09-10 00:00,154,231.577,287.672,39.8762,14.12,937,69.96,0,1.352,292,28.05
2015-09-11 00:00,155,225.788,239.24,69.7623,16.11,941,78.45,0,3.313,310.2,24.58
2015-09-12 00:00,156,154.79,47.6042,136.024,11.08,954,97.5,0,3.969,278.9,11.52
2015-09-13 00:00,157,157.491,105.86,83.5596,11.91,952,88.7,0,2.074,288.1,13.68
2015-09-14 00:00,158,211.838,227.961,68.3209,14.28,952,89.5,0,2.466,286.8,11.42
2015-09-15 00:00,159,194.083,183.775,77.6929,19.83,944,42.84,0,2.127,304.1,39.73
2015-09-16 00:00,160,151.498,126.978,75.7559,23.11,939,78.35,0,5.056,319.6,21.02
2015-09-17 00:00,161,234.935,230.326,84.8988,15.67,941,78.93,0,2.426,284,12.39
2015-09-18 00:00,162,166.431,87.2435,110.717,12.19,943,79.35,0,4.605,280.7,10.05
2015-09-19 00:00,163,115.053,28.582,108.334,10.38,948,87.4,0,5.107,279.3,16.36
2015-09-20 00:00,164,247.075,285.669,69.3357,13.13,950,92,0,2.866,282.2,11.88
2015-09-21 00:00,165,149.699,109.721,74.2007,13.58,943,98.9,20.57,1.9,292.3,34.77
2015-09-22 00:00,166,216.312,218.943,76.1301,19.36,938,94.5,2.794,3.796,335.1,19.59
2015-09-23 00:00,167,278.435,410.205,26.0892,15.16,942,98.1,0,2.205,300.5,31.18
2015-09-24 00:00,168,257.28,290.834,55.4185,17.2,942,78,0,1.896,285.3,23.85
2015-09-25 00:00,169,278.38,413.518,28.5267,19.53,941,72.76,0,2.389,288.5,32.13
2015-09-26 00:00,170,269.233,368.002,41.7096,19.68,940,80,0,2.718,300.1,32.17
2015-09-27 00:00,171,148.411,60.3265,104.656,17,942,91.1,0,2.744,286.3,13.26
2015-09-28 00:00,172,120.515,75.716,77.4106,18.01,935,49.36,0,3.622,296.2,17.54
2015-09-29 00:00,173,291.325,427.773,25.2812,16.22,937,76.17,0,3.572,314.3,26.01
2015-09-30 00:00,174,256.687,247.667,85.5069,15.93,937,67.8,0,2.614,286,22.12
2015-10-01 00:00,175,50.9997,7.09096,47.3532,13.31,940,97.2,17.53,3.161,285.1,17.1
2015-10-02 00:00,176,129.537,8.24526,126.301,11.47,945,96.3,0,2.605,280.4,12.06
2015-10-03 00:00,177,277.83,341.629,41.2009,16.07,939,85.3,0,1.992,305.7,40.21
2015-10-04 00:00,178,278.386,327.635,64.6057,18.25,940,92.3,0,2.481,305.4,34.67
2015-10-05 00:00,179,288.748,370.709,37.3155,18.26,940,66.99,0,2.128,303,30.67
2015-10-06 00:00,180,304.312,443.21,28.4066,20.07,944,91.8,0,2.591,307.8,29.02
2015-10-07 00:00,181,300.808,359.185,50.8272,18.39,943,79.46,0,1.934,281.9,31.63
2015-10-08 00:00,182,311.644,438.829,28.2265,20.94,941,68.77,0,1.692,303.4,35.98
2015-10-09 00:00,183,246.715,215.816,103.589,20.49,942,76.11,0,2.198,303.8,30.73
2015-10-10 00:00,184,274.34,317.584,69.7548,18.68,944,42.31,0,2.452,292.2,33.96
2015-10-11 00:00,185,301.83,366.748,66.6383,20.62,939,62.13,0,6.5,323.6,15.83
2015-10-12 00:00,186,319.919,462.853,26.7143,15.9,944,78.9,0,1.824,282.6,21.64
2015-10-13 00:00,187,286.655,301.436,84.7405,19.08,938,65.25,0,2.47,283.9,15.79
2015-10-14 00:00,188,260.875,263.71,90.8318,16.87,938,62.02,0,3.229,285.3,21.3
2015-10-15 00:00,189,279.412,250.809,98.9303,17.68,938,85.1,0,5.303,283.4,14.15
2015-10-16 00:00,190,146.232,89.3387,100.772,14.69,940,95,8.13,3.435,292.2,21.79
2015-10-17 00:00,191,326.92,443.159,28.9197,14.98,945,92.7,0,2.467,282.6,17.03
2015-10-18 00:00,192,324.176,426.083,34.0927,19.79,942,66.64,0,2.216,287.3,29.87
2015-10-19 00:00,193,318.68,405.959,40.7638,22.26,943,72.85,0,4.339,291.5,29.52
2015-10-20 00:00,194,229.527,206.238,88.7955,22.1,945,79.39,6.096,5.153,288.4,27.31
2015-10-21 00:00,195,214.061,186.654,63.3583,23.42,941,70.41,1.27,3.298,304.8,39.65
2015-10-22 00:00,196,300.759,326.578,67.5579,21.87,943,51.94,0,5.295,297.5,27.43
2015-10-23 00:00,197,294.026,301.831,82.4571,18.43,947,75.66,0,5.409,281,9.92
2015-10-24 00:00,198,269.08,194.803,115.081,18.48,944,85.1,0,3.86,284.4,8.96
2015-10-25 00:00,199,229.622,193.228,65.1431,22.99,939,32.76,0,4.187,316.2,40.96
2015-10-26 00:00,200,264.259,251.728,83.232,27,939,75.1,1.27,6.417,319.6,31.45
2015-10-27 00:00,201,173.28,62.6359,144.393,18,949,89.4,0,6.481,277.9,19.1
2015-10-28 00:00,202,326.741,392.457,41.8251,21.7,947,70.39,0,2.679,290.5,21.75
2015-10-29 00:00,203,345.668,470.026,31.457,27.63,940,31.55,0,2.232,285.4,26.07
2015-10-30 00:00,204,343.872,450.735,37.6848,26.65,937,77.25,0,4.542,288.2,21.83
2015-10-31 00:00,205,330.337,356.048,65.3639,22.03,938,79.64,0,5.15,279.5,12.51
2015-11-01 00:00,206,240.232,147.557,117.356,19.68,938,77.59,0,4.601,279.5,10.1
2015-11-02 00:00,207,152.421,32.5422,125.151,15.68,935,89.7,7.366,3.682,296.6,12.03
2015-11-03 00:00,208,172.271,74.808,121.756,11.15,948,89.7,1.27,3.93,292.3,14.3
2015-11-04 00:00,209,332.425,389.21,69.9305,13.45,952,89.4,0,3.133,281.1,22.95
2015-11-05 00:00,210,354.568,428.063,44.1199,18.17,947,77.82,0,2.081,286,16.55
2015-11-06 00:00,211,334.352,328.055,99.3147,27.02,942,20.33,0,4.769,336.1,29.86
2015-11-07 00:00,212,129.652,16.2837,123.922,24.47,939,87.2,0.762,3.968,305.7,34.19
2015-11-08 00:00,213,192.972,62.8983,155.509,19.85,938,83,0,2.411,284.1,20.59
2015-11-09 00:00,214,350.245,398.809,48.7686,21.11,940,71.5,0,2.927,288.2,19.32
2015-11-10 00:00,215,340.723,378.171,56.1531,20.71,943,68.37,0,3.517,281.2,17.9
2015-11-11 00:00,216,218.382,135.478,123.442,18.64,941,78.07,0,4.534,280.9,9.65
2015-11-12 00:00,217,184.617,129.151,96.644,16.7,939,69.9,0.762,3.831,282.8,14.57
2015-11-13 00:00,218,338.649,354.437,80.2579,17.51,940,85.8,0,3.561,280.6,12.52
2015-11-14 00:00,219,251.032,129.867,177.09,18.5,940,67.06,0,3.23,289.3,17.71
2015-11-15 00:00,220,328.165,358.294,68.8021,18.74,941,75.94,0,3.599,284.3,20.68
2015-11-16 00:00,221,316.993,311.76,92.5405,17.4,942,70.41,0,3.849,288.6,16.41
2015-11-17 00:00,222,382.947,519.083,30.2427,20.21,942,59.9,0,2.679,281.8,22.36
2015-11-18 00:00,223,380.836,498.106,35.1035,22.26,936,64.53,0,4.544,301.9,27.54
2015-11-19 00:00,224,320.288,287.748,112.103,18.6,941,73.92,0.762,4.898,280.6,9.98
2015-11-20 00:00,225,378.836,499.562,34.1129,23.09,934,37.1,0,2.041,291.3,25.52
2015-11-21 00:00,226,376.28,468.952,44.3536,21.7,932,64.96,0,5.383,298,28.29
2015-11-22 00:00,227,137.816,55.3226,108.065,11.57,939,87.6,19.05,3.137,292.1,34.65
2015-11-23 00:00,228,381.919,505.527,37.8348,15.73,944,75.23,0,2.795,322.2,28.72
2015-11-24 00:00,229,376.709,511.493,28.0155,21.01,945,76.16,0,2.194,297.1,31.05
2015-11-25 00:00,230,377.992,494.936,31.3782,23.98,941,51.47,0,2.801,283.3,18.33
2015-11-26 00:00,231,368.468,440.618,47.4606,22.82,935,64.66,0,5.23,281.6,19.99
2015-11-27 00:00,232,301.415,250.115,93.8992,17.42,938,79.96,1.524,4.345,285.2,20.08
2015-11-28 00:00,233,386.17,455.786,51.9475,15.8,946,81.6,0,5.544,278.4,11.99
2015-11-29 00:00,234,385.86,502.839,41.6167,20.02,944,74.33,0,2.978,283.9,11.22
2015-11-30 00:00,235,373.794,434.742,50.9359,22.74,942,65.31,0,3.023,286,15.79
2015-12-01 00:00,236,385.961,509.903,32.8647,26.06,940,70.61,0,2.904,289.5,18.19
2015-12-02 00:00,237,340.675,373.425,61.4044,27.94,935,72.97,0,3.834,287.6,26.29
2015-12-03 00:00,238,266.144,194.203,129.719,22.42,940,81.9,0,5.211,279.6,17.02
2015-12-04 00:00,239,357.293,371.901,78.7581,24.42,940,79.53,0,3.562,286.5,11.72
2015-12-05 00:00,240,350.038,309.62,101.157,24.09,939,87,0,4.574,285.4,14.18
2015-12-06 00:00,241,292.903,185.752,141.584,23.88,941,81.5,0,4.535,280.7,9.72
2015-12-07 00:00,242,353.074,352.964,91.0473,26.26,938,60.44,0,3.099,282,17.35
2015-12-08 00:00,243,375.455,430.249,55.1079,26.49,938,71.51,0,4.405,284,24.11
2015-12-09 00:00,244,262.507,116.523,191.631,24.79,938,75.58,0,3.79,279.7,10.87
2015-12-10 00:00,245,331.899,323.027,96.9679,24.46,940,65.46,0,4.283,280.9,17.47
2015-12-11 00:00,246,380.898,484.165,36.7403,25.77,940,48.93,0,2.75,291.9,18.61
2015-12-12 00:00,247,366.602,415.732,62.0479,26.36,936,61.9,0,4.242,280.2,18.8
2015-12-13 00:00,248,380.602,450.258,57.5043,24.23,934,50.23,0,4.553,302.9,15.77
2015-12-14 00:00,249,271.338,144.581,176.036,18.53,938,70.02,0,4.492,287.2,18.78
2015-12-15 00:00,250,390.623,472.871,53.1381,18.29,940,66.59,0,3.582,282.2,12.91
2015-12-16 00:00,251,359.331,371.559,80.063,23.27,936,52.14,0,3.672,301.6,26.59
2015-12-17 00:00,252,383.421,473.888,51.8997,21.05,940,73.61,0,3.664,282.9,20.76
2015-12-18 00:00,253,391.916,503.268,36.8799,23.51,941,62.54,0,2.748,285.1,15.65
2015-12-19 00:00,254,394.148,510.062,35.173,28.13,938,54.4,0,3.611,299.4,24.18
2015-12-20 00:00,255,337.258,394.458,84.6488,24.05,940,59.96,0,4.949,280.5,20.47
2015-12-21 00:00,256,384.144,470.628,43.24,23.02,939,87.6,0,4.256,283.2,14.86
2015-12-22 00:00,257,368.379,365.803,76.136,23.68,936,59.59,0,4.726,304.4,20.2
2015-12-23 00:00,258,395.394,506.177,39.177,21.48,941,64.68,0,3.919,280.5,11.54
2015-12-24 00:00,259,397.477,528,31.3656,26.77,937,39.02,0,2.367,292.3,17.58
2015-12-25 00:00,260,383.318,452.827,46.1441,25.66,939,59.78,0,4.787,295.8,27.02
2015-12-26 00:00,261,351.711,314.811,123.221,21.26,944,63.4,0,5.472,279.8,16.1
2015-12-27 00:00,262,391.893,477.706,42.2298,22.86,943,77.98,0,3.941,281.4,14.83
2015-12-28 00:00,263,390.922,502.318,37.6381,26.39,939,39.84,0,3.356,286.1,17.02
2015-12-29 00:00,264,273.549,209.907,133.069,29.04,940,50.79,0,3.708,293.5,23.08
2015-12-30 00:00,265,336.417,302.181,115.181,27.38,946,77.65,0,5.179,278.2,14.91
2015-12-31 00:00,266,236.427,178.282,83.8683,24.88,943,70.68,15.24,3.891,316.2,40.1
2016-01-01 00:00,267,328.721,273.75,111.812,28.6,939,90.5,2.032,3.056,310.3,34.72
2016-01-02 00:00,268,380.501,476.741,43.6525,27.86,940,68.36,0,3.938,287.9,24.58
2016-01-03 00:00,269,366.574,407.235,63.8306,25.63,943,58.16,0,3.973,281,14.82
2016-01-04 00:00,270,392.076,505.329,34.4435,28.24,941,40.52,0,3.354,285.3,18.1
2016-01-05 00:00,271,375.395,452.174,51.3551,29.21,939,75.16,0,4.538,286.8,18.54
2016-01-06 00:00,272,345.866,366.303,60.0512,28.71,938,62.84,0,3.446,285.9,10.08
2016-01-07 00:00,273,339.049,310.075,120.086,28.2,936,68.77,0,4.278,281.2,16.6
2016-01-08 00:00,274,89.6143,0.173798,90.6418,17.92,943,82.2,0.254,6.157,277.5,12.39
2016-01-09 00:00,275,377.583,406.586,74.8174,20.02,946,73.41,0,5.607,273.4,14.37
2016-01-10 00:00,276,392.45,516.93,34.1344,21.42,944,74.78,0,3.54,284.9,15.71
2016-01-11 00:00,277,391.203,513.335,32.5933,23.61,942,80.2,0,4.963,282.5,17.36
2016-01-12 00:00,278,360.712,362.627,80.3796,24.66,939,83.8,0,4.822,284.8,17.19
2016-01-13 00:00,279,363.674,392.241,92.2553,25.92,939,81,0,3.721,283.3,14.62
2016-01-14 00:00,280,136.2,65.0529,110.578,23.7,937,56.07,0,3.667,320.4,32.68
2016-01-15 00:00,281,294.686,205.457,115.503,23.45,937,76.6,0,5.025,283,24.81
2016-01-16 00:00,282,191.01,90.88,130.757,19.79,943,81.5,3.048,7.213,276.3,17.7
2016-01-17 00:00,283,341.678,316.559,85.5091,23.38,944,72.59,0,4.251,281.8,13.85
2016-01-18 00:00,284,363.015,337.305,105.391,24.61,942,59.26,0,3.596,283.8,11.09
2016-01-19 00:00,285,333.64,303.199,116.249,27.13,939,34.75,0,2.792,316.2,29.15
2016-01-20 00:00,286,368.748,453.13,50.8283,25.89,939,76.78,1.016,4.068,282.2,14.36
2016-01-21 00:00,287,344.869,359.522,67.5894,26.38,938,59.68,0,3.227,285.6,11.8
2016-01-22 00:00,288,240.461,134.43,147.292,26.56,939,80.8,0.254,3.509,284.2,12.7
2016-01-23 00:00,289,146.606,13.5262,136.164,24.71,940,75.37,0,3.608,279.2,11.73
2016-01-24 00:00,290,187.049,41.5129,152.221,25.77,938,87.5,0,2.755,288.9,23.53                                                                                                                                                                                                                                                                                                                                                                                                                                                                                                                                                                                                                                                                                                                                                                                                                                                                                                                                                                                                                                                                                                                                                                                                                                                                                                                                                                                                                                                                                                                                                                                                                                                                                                                                                                                                                                                                                                                                                                                                                                                                                                                                                                                                                                                                                                                                                                                                                                                                                                                                                                                                                                                                                                                                                                                                         