"TOA5","GRT - GIZ Graaff-Reinet","Latitude: -32.48547","Longitude: 24.58582","Elevation: 660 m",,,SAURAN
"Date","RecNum","GHI_CMP11","DNI_CHP1","DHI_CMP11","Air_Temp","BP","RH","Rain_Tot","WS","WD","WD_SD"
"TS","RN","W/m^2","W/m^2","W/m^2","Deg C","mbar","%","mm","meters/second","Deg","Deg"
"","","Avg","Avg","Avg","Avg","Avg","Smp","Tot","WVc","WVc","WVc"
2014-01-01 00:00,36,382.018,481.125,40.9557,24.96,940,77.51,0,5.532,139.5,18.24
2014-01-02 00:00,37,378.249,448.74,48.7645,27.58,935,54.96,0,3.508,157.1,54.09
2014-01-03 00:00,38,384.381,486.347,39.8899,27.08,936,70.05,0,4.388,136.2,23.52
2014-01-04 00:00,39,380.547,450.618,44.6027,29.05,934,70.43,6.35,3.24,159.8,56.79
2014-01-05 00:00,40,316.791,342.982,66.9416,31.67,931,72.24,0.508,4.765,1.489,66.22
2014-01-06 00:00,41,168.649,38.0995,139.455,23.82,929,93.6,25.91,2.804,215.5,52.56
2014-01-07 00:00,42,53.1293,0.270427,53.8259,20.35,933,92.1,0.508,1.901,173.7,66.31
2014-01-08 00:00,43,186.909,77.8123,129.054,22.85,934,95.7,5.08,3.421,148.6,19.17
2014-01-09 00:00,44,183.919,85.1016,128.612,23.02,934,99.4,6.096,2.79,167.8,36.28
2014-01-10 00:00,45,175.233,140.672,103.214,22.33,933,96.8,0,2.658,210.4,55.72
2014-01-11 00:00,46,314.966,366.616,84.9806,21.2,938,77.91,0,3.671,176.7,57.98
2014-01-12 00:00,47,385.713,516.458,29.0585,21.14,941,82.6,0,2.764,145.4,28.2
2014-01-13 00:00,48,384.857,499.27,31.9033,21.89,941,75.31,0,3.657,142.2,28.84
2014-01-14 00:00,49,380.867,466.23,51.3439,20.5,945,76.44,0,4.709,131,18.51
2014-01-15 00:00,50,391.988,529.642,27.7185,22.09,939,65.38,0,2.109,134.7,48.26
2014-01-16 00:00,51,303.11,302.517,83.5792,27.06,936,48.75,0,2.964,122.9,59.49
2014-01-17 00:00,52,375.378,476.659,36.571,25.91,941,76.6,0,3.912,142.2,30.24
2014-01-18 00:00,53,254.018,255.608,69.342,23.35,942,79.21,0,4.065,141.5,23.71
2014-01-19 00:00,54,302.322,252.797,113.43,22.21,941,79.38,0,4.054,137.5,19.99
2014-01-20 00:00,55,321.005,351.875,52.1192,23.04,941,84,0,3.693,144.2,27.85
2014-01-21 00:00,56,374.116,478.498,34.8562,23.97,942,72.43,0,4.399,139.4,30.3
2014-01-22 00:00,57,377.323,493.113,34.7346,23.43,943,74.82,0,4.63,137.4,20.14
2014-01-23 00:00,58,329.656,373.216,44.185,26.03,937,39.41,0.762,3.04,107.4,73.5
2014-01-24 00:00,59,237.232,123.037,149.544,29.89,933,73.1,0,6.401,338.2,55.26
2014-01-25 00:00,60,331.087,382.975,66.3468,24.83,935,66.21,0,4.416,156.4,36.26
2014-01-26 00:00,61,316.369,310.422,89.5852,22.31,940,71.97,0,5.574,129.9,16.1
2014-01-27 00:00,62,372.979,485.586,34.7434,22.19,940,79.6,0,4.036,146.1,27.87
2014-01-28 00:00,63,357.983,433.249,48.4756,27.99,936,54.79,0,3.285,147.7,37.67
2014-01-29 00:00,64,266.017,249.58,86.2231,29.51,935,89.8,0,3.647,119.2,65.59
2014-01-30 00:00,0,0,0,0,21.59,883,77.26,0,5.651,113.8,8.17
2014-01-31 00:00,0,20.1608,1.4479,20.0957,22.64,938,79.7,0,7.246,122.3,13.98
2014-02-01 00:00,1,321.781,312.268,116.845,24.39,939,74.02,0,4.245,138.1,19.88
2014-02-02 00:00,2,312.737,357.087,63.8389,27.26,934,68.6,0,3.882,168.5,59.55
2014-02-03 00:00,3,237.076,118.626,162.511,23.36,939,74.78,0,5.508,128.4,15.51
2014-02-04 00:00,4,357.176,469.2,35.004,23.33,938,66.32,0,3.111,146.5,23.92
2014-02-05 00:00,5,248.498,171.209,106.197,25.61,933,90.3,7.366,2.69,167.4,66.81
2014-02-06 00:00,6,192.987,73.8721,127.809,22.35,934,75.81,0,4.662,132.5,21.78
2014-02-07 00:00,7,244.951,186.008,110.895,21.92,937,82.5,0,4.345,136.3,22.9
2014-02-08 00:00,8,312.179,332.331,58.4382,27.14,933,67.23,0,3.159,162.3,32.73
2014-02-09 00:00,9,276.477,231.316,117.964,23.14,936,64.83,0,5.286,132.4,21.7
2014-02-10 00:00,10,348.13,465.511,27.5337,24.22,935,54.02,0,3.404,156.6,46.07
2014-02-11 00:00,11,349.611,478.898,27.5261,24.31,937,75.22,0,3.234,154.5,27.02
2014-02-12 00:00,12,339.373,417.72,37.1325,27.18,936,74.29,0,3.442,155.9,33.49
2014-02-13 00:00,13,294.495,312.008,54.7053,27.45,936,80.7,0,3.591,154.7,23.02
2014-02-14 00:00,14,176.123,73.9749,116.209,25,939,98.3,14.99,4.05,139.1,37.65
2014-02-15 00:00,15,183.127,77.9288,133.498,23.39,943,90.2,0.508,4.847,150.6,21.25
2014-02-16 00:00,16,275.933,246.034,78.6572,25.8,942,86.2,0,2.129,167.7,46.04
2014-02-17 00:00,17,278.299,287.635,71.8506,26.1,940,84.2,0,3.516,139.5,22.87
2014-02-18 00:00,18,298.18,330.932,52.2369,26.92,937,95.2,4.064,2.552,265.4,70.03
2014-02-19 00:00,19,309.28,324.347,72.1411,25.81,940,82.2,0,4.8,138.5,54.77
2014-02-20 00:00,20,204.096,108.82,138.454,25.18,936,67.85,0,2.657,138,53.97
2014-02-21 00:00,21,120.261,13.2555,112.087,20.76,936,73.11,0,5.277,144.2,30.49
2014-02-22 00:00,22,96.1773,0.256236,97.1795,18.53,943,88,0,5.332,123.6,13.98
2014-02-23 00:00,23,307.43,343.359,60.6603,22.41,941,71.89,0,2.797,156.6,31.87
2014-02-24 00:00,24,308.377,388.096,48.9957,25.16,939,84.8,0.254,2.759,139.9,48.13
2014-02-25 00:00,25,178.695,135.225,83.3697,20.34,939,94,16.51,4.316,157.5,43.38
2014-02-26 00:00,26,261.132,270.481,103.123,19.01,943,89.3,0,3.057,135.2,38.23
2014-02-27 00:00,27,320.159,428.719,29.6031,21.24,941,86.9,0,2.433,143.8,50.91
2014-02-28 00:00,28,295.334,358.788,39.6837,24.51,936,58.92,1.016,2.152,144.4,48.16
2014-03-01 00:00,29,222.741,268.001,35.317,23.58,933,93.6,9.91,3.467,287.7,55.59
2014-03-02 00:00,30,292.13,369.764,63.9639,22.76,933,91.8,0,3.257,229,72.37
2014-03-03 00:00,31,313.958,423.649,28.65,24.18,935,54.2,0,2.798,212.1,57.16
2014-03-04 00:00,32,216.195,168.853,109.877,19.59,940,84.2,0,5.258,135.7,19.55
2014-03-05 00:00,33,220.816,147.609,115.108,21.08,941,85,0,3.959,144.5,24.94
2014-03-06 00:00,34,242.542,252.66,72.5318,22.82,941,85.5,0,3.212,153.5,25.32
2014-03-07 00:00,35,284.101,340.565,37.5857,26.03,937,67.34,0,1.902,166.3,49.58
2014-03-08 00:00,36,280.197,345.211,43.5985,26.93,936,70.45,0,4.201,215.6,72.73
2014-03-09 00:00,37,295.663,395.35,43.2908,21.43,938,63.36,0,4.282,140.3,33.82
2014-03-10 00:00,38,101.635,1.00115,101.35,16.82,942,86.2,1.016,6.151,137.5,12.47
2014-03-11 00:00,39,273.634,298.496,57.5245,19.94,941,77.08,0,3.17,149,28.05
2014-03-12 00:00,40,263.817,318.226,50.9175,22.85,935,98,19.81,4.81,232.2,74.02
2014-03-13 00:00,41,199.095,145.672,117.823,16.69,942,85.6,2.794,4.357,152.4,27.9
2014-03-14 00:00,0,0,0,0,13.75,935,86.6,0,1.712,79.59,42.7
2014-03-15 00:00,1,294.922,438.66,22.9462,19.32,940,73.38,0,1.944,152.4,57.37
2014-03-16 00:00,2,291.715,434.601,25.4022,19.46,939,91.5,0,3.429,142.5,59.35
2014-03-17 00:00,3,265.067,341,37.1292,21.64,940,84.5,0,2.757,158.1,37.88
2014-03-18 00:00,4,284.818,409.322,30.9319,20.67,941,83.6,0,2.934,144.1,32.21
2014-03-19 00:00,5,287.046,427.853,23.8104,21.41,937,78.66,0,2.095,149.2,74.49
2014-03-20 00:00,6,263.755,338.763,65.0778,21.15,936,72.22,0,4.425,264.7,49.34
2014-03-21 00:00,7,276.677,390.884,30.8083,18.61,943,70.29,0,2.22,143,58.76
2014-03-22 00:00,8,280.638,432.348,21.7212,20.97,941,39.87,0,1.88,165.5,68.29
2014-03-23 00:00,9,266.63,371.994,36.7293,30.36,934,31.3,0,7.093,327.9,17.87
2014-03-24 00:00,10,247.382,262.993,82.7973,28.8,937,82.7,10.67,6.124,340.2,49.2
2014-03-25 00:00,11,245.696,301.041,55.7047,27.16,939,61.68,0,3.178,343.6,39.33
2014-03-26 00:00,12,212.535,217.527,76.0294,22.57,937,97.3,10.92,5.363,295.9,53.21
2014-03-27 00:00,13,270.813,410.283,29.0548,16.9,940,75.96,0,4.059,294.9,40.32
2014-03-28 00:00,14,262.384,395.535,27.1568,17.48,945,96.8,0,2.885,54.41,75.68
2014-03-29 00:00,15,245.321,350.628,31.5292,18.28,944,79.28,0,1.831,140.3,60.53
2014-03-30 00:00,16,262.787,409.736,22.9867,22.27,938,76.21,0,3.955,288.8,59.27
2014-03-31 00:00,17,258.432,402.746,23.5305,18.75,941,86.9,0,2.944,142.7,30.14
2014-04-01 00:00,18,258.891,410.963,20.5588,20.35,937,87.4,0,2.345,176.9,68.75
2014-04-02 00:00,19,229.102,292.366,51.8821,19.53,934,88.2,0.762,3.208,237.4,36.57
2014-04-03 00:00,20,151.329,114.126,79.0719,14.27,936,80.7,0.762,4.658,297.5,37.95
2014-04-04 00:00,21,112.776,38.0449,90.4851,13.04,944,87.5,0.508,4.155,268.5,57.86
2014-04-05 00:00,22,243.256,367.81,32.2843,13.09,949,95.9,0,3.264,112.1,50.66
2014-04-06 00:00,23,238.02,338.059,34.0509,14.58,950,92.8,0,2.861,127,26.08
2014-04-07 00:00,24,204.363,276.759,40.7391,15.52,947,81.7,0,1.805,156.6,48.7
2014-04-08 00:00,25,197.596,190.023,77.3366,19.52,946,47.33,0,1.657,147.3,75.78
2014-04-09 00:00,26,237.042,333.847,40.0117,22.92,946,48.57,0,3.113,351.8,70.15
2014-04-10 00:00,27,232.838,373.036,27.03,22.42,946,52.19,0,2.746,5.964,77.43
2014-04-11 00:00,28,235.461,390.379,23.0128,22.13,947,42.39,0,3.099,3.007,66.39
2014-04-12 00:00,29,233.111,387.389,23.3506,22.47,947,31.64,0,3.98,338.8,64.74
2014-04-13 00:00,30,228.603,377.12,25.0121,22.92,947,41.58,0,3.714,353.2,63.2
2014-04-14 00:00,31,175.316,199.694,81.8654,23.01,944,36.31,0,3.205,331.5,51.77
2014-04-15 00:00,32,123.103,146.304,44.6121,22.99,941,98.7,13.97,4.475,324.8,54.84
2014-04-16 00:00,33,80.2947,1.59222,80.2776,13.72,947,90.4,11.18,5.124,138.4,16.79
2014-04-17 00:00,34,217.734,322.092,45.0198,14.07,949,98.1,0,2.269,153.7,35.83
2014-04-18 00:00,35,187.232,269.584,42.1718,14.34,943,87.4,0,1.973,351.3,61.91
2014-04-19 00:00,36,205.829,307.548,31.1111,20.92,940,79.66,0,3.173,300.7,49.9
2014-04-20 00:00,37,209.962,334.317,33.4526,17.64,945,95.7,0,2.551,140.6,65.26
2014-04-21 00:00,38,144.121,125.273,62.9034,17.55,943,89,2.286,1.459,137.3,55.96
2014-05-07 00:00,39,,,,,922,0,0,1.113,0,0
2014-05-08 00:00,40,104.809,66.9061,67.3763,,942,69.53,0,4.844,338.5,33.24
2014-05-09 00:00,41,58.917,7.88411,57.0092,19.76,937,79.71,0,5.917,343.9,21.58
2014-05-10 00:00,42,148.993,251.427,40.6179,15.07,938,82.3,0,5.514,327.4,24
2014-05-11 00:00,43,139.098,117.789,77.3977,11.04,943,69.36,0,2.924,335.1,17.01
2014-05-12 00:00,44,170.819,284.982,36.2245,10.75,943,81.3,0,3.25,336.1,23.93
2014-05-13 00:00,45,127.943,127.401,69.9053,12.18,944,90.3,0,3.911,335.6,16.32
2014-05-14 00:00,46,167.584,307.87,26.5582,14.24,946,88.8,0,2.489,330,38.15
2014-05-15 00:00,47,149.086,202.415,43.0227,13.23,946,96.2,0,2.484,293.1,27.4
2014-05-16 00:00,48,167.927,282.33,29.6056,14.86,937,59.56,0,1.593,319.8,29.25
2014-05-17 00:00,49,156.156,245.069,41.6874,12.82,940,73.98,0,4.094,324.7,10.98
2014-05-18 00:00,50,101.793,46.5967,78.2372,10.43,949,96.7,0,2.626,301.7,35.63
2014-05-19 00:00,51,134.521,204.388,39.8037,9.14,950,93.9,0,1.826,307.8,38.37
2014-05-20 00:00,52,48.7575,14.6374,42.0833,10.93,944,95.5,0,2.291,295,34.25
2014-05-21 00:00,53,80.9387,42.576,62.9155,15.48,939,93.5,0,4.135,338.9,20.93
2014-05-23 00:00,54,145.095,247.637,29.7551,11.66,945,81,0,1.907,314.6,29.95
2014-05-24 00:00,55,99.4953,95.7318,56.1631,17.88,944,54.67,0,3.218,344,15.17
2014-05-25 00:00,56,94.011,65.3975,65.7049,23.82,942,32.7,0,8.53,346.2,19.12
2014-05-26 00:00,57,132.885,179.349,58.1308,19.28,942,67.76,0,5.293,329.6,24.77
2014-05-27 00:00,58,145.61,264.42,26.2235,14.53,943,66.78,0,2.206,326.3,36.92
2014-05-28 00:00,59,129.524,173.041,47.1772,17.23,940,33.14,0,3.488,335.1,38.2
2014-05-29 00:00,60,136.099,152.801,73.1993,22.21,935,63.51,0,6.541,333.4,21.18
2014-05-30 00:00,61,122.796,146.387,54.1508,15.1,939,50.36,0,2.112,318.1,36.09
2014-05-31 00:00,62,132.826,233.299,43.4168,13.82,942,78.51,0,3.989,319.6,25.15
2014-06-01 00:00,63,150.116,291.678,23.8523,15.73,939,29.95,0,4.266,339.4,22.36
2014-06-02 00:00,64,123.647,221.974,35.7915,16.73,936,57.37,0,6.55,330.8,16.31
2014-06-03 00:00,65,156.029,335.816,14.9975,10.46,940,59.91,0,3.146,330.1,32.34
2014-06-04 00:00,66,156.458,338.878,15.1309,12.22,936,30.7,0,4.725,342.1,13.35
2014-06-05 00:00,67,153.49,325.255,16.3992,15.12,930,65.58,0,6.919,335.7,11.09
2014-06-06 00:00,68,126.394,188.107,39.7837,8.98,939,72.92,0,5.696,324.5,7.443
2014-06-07 00:00,69,148.528,315.991,15.8024,5.814,951,70.53,0,2.853,334,29.65
2014-06-08 00:00,70,146.7,292.572,24.1531,10.11,947,19.94,0,3.932,342.5,18.22
2014-06-09 00:00,71,119.365,185.722,49.0811,17.29,940,26.88,0,8.36,343.7,9.26
2014-06-10 00:00,72,127.22,189.758,48.7846,15.17,938,48.31,0,6.925,333.3,17.55
2014-06-11 00:00,73,149.945,330.021,14.7574,5.708,952,61.44,0,3.708,325.4,28.49
2014-06-12 00:00,74,152.206,337.861,14.433,5.095,952,52.44,0,2.486,330.7,35.34
2014-06-13 00:00,75,144.384,302.039,19.0221,10.56,947,37.67,0,3.205,339.3,16.14
2014-06-14 00:00,76,140.604,282.991,21.5387,17.32,941,29.93,0,5.259,341.9,30.62
2014-06-15 00:00,77,129.446,236.263,31.4616,17.98,934,49.79,0,7.575,340.7,23.61
2014-06-16 00:00,78,77.2911,83.238,51.3728,13.85,937,61.92,0,7.025,331.8,10.7
2014-06-17 00:00,79,143.914,312.007,15.6862,9.67,945,74.54,0,2.764,320,30.99
2014-06-18 00:00,80,143.097,311.017,14.7109,10.18,943,76.07,0,2.185,327.8,36.96
2014-06-19 00:00,81,135.665,257.766,31.1484,11.24,940,61.24,0,3.542,322.9,22.98
2014-06-20 00:00,82,128.652,230.473,39.535,8.34,951,66.86,0,5.953,325.3,13.25
2014-06-21 00:00,83,144.792,313.459,16.3316,6.434,956,47.43,0,3.815,341.9,19.05
2014-06-22 00:00,84,144.072,318.715,14.1357,9.95,954,54.92,0,2.627,326.9,39.89
2014-06-23 00:00,85,145.167,298.311,17.686,13.96,951,28.52,0,4.762,340.6,14.28
2014-06-24 00:00,86,137.523,261.453,26.818,17.38,948,40.94,0,6.203,343.6,14.75
2014-06-25 00:00,87,136.605,259.58,26.5152,17.7,946,33.87,0,5.824,345.3,23.38
2014-06-26 00:00,88,104.226,91.8309,60.7226,20.28,939,31.66,0,7.969,346.3,13.06
2014-06-27 00:00,89,96.1713,108.147,39.5168,15.07,940,76.27,0,5.185,329,13.11
2014-06-28 00:00,90,135.214,275.56,26.3801,8.22,949,80.8,0,2.775,333.7,27.49
2014-06-29 00:00,91,146.132,319.802,14.5146,7.268,949,60.9,0,2.355,322.6,44.98
2014-06-30 00:00,92,134.598,258.296,23.1069,11.48,944,61.1,0,2.23,294.7,32.37
2014-07-01 00:00,93,131.455,240.859,25.8586,14.58,943,27.2,0,3.373,340.6,26.79
2014-07-02 00:00,94,125.462,180.821,47.0696,22.57,942,27.26,0,7.911,343.3,17.76
2014-07-03 00:00,95,125.647,176.038,48.5904,21.06,943,30.9,0,5.887,346.4,18.64
2014-07-04 00:00,96,113.343,166.86,39.9055,21.24,941,32.43,0,6.439,345.2,18.47
2014-07-05 00:00,97,131.44,191.444,39.9205,22.43,935,27.98,0,8.09,345.7,13.68
2014-07-06 00:00,98,98.8209,117.207,51.6068,10.86,939,59.48,0,6.129,326,11.08
2014-07-07 00:00,99,152.711,318.505,19.4477,4.39,947,67.78,0,3.099,336.1,21.39
2014-07-08 00:00,100,140.765,287.392,20.7813,3.821,953,78.1,0,2.646,331.5,28.17
2014-07-09 00:00,101,151.031,326.067,15.1004,3.984,955,60.51,0,3.177,340.7,28.68
2014-07-10 00:00,102,152.689,311.838,17.3556,6.116,955,84.5,0,3.791,325.7,31.3
2014-07-11 00:00,103,154.803,332.651,14.9884,6.394,953,47.02,0,2.954,328.8,35.73
2014-07-12 00:00,104,90.022,84.2767,46.101,11.08,946,33.47,0,3.24,337.2,33.39
2014-07-13 00:00,105,135.791,182.299,49.631,14.1,944,73.64,0,4.344,329.7,28.08
2014-07-14 00:00,106,153.573,12.6001,149.291,8.12,950,61.4,0,3.438,339,20.67
2014-07-15 00:00,107,151.616,12.4634,147.348,8.35,951,77.72,0,2.866,329.2,37.86
2014-07-16 00:00,108,155.742,12.2733,151.709,10.43,947,18.63,0,2.984,332,34
2014-07-17 00:00,109,127.262,14.7855,121.308,19.57,942,18.95,0,7.267,345.2,13.74
2014-07-18 00:00,110,104.054,80.0978,63.0538,20.99,934,40.43,0,9.94,337.1,11.83
2014-07-19 00:00,111,160.695,334.251,16.214,11.93,938,54.74,0,5.183,330,15.41
2014-07-20 00:00,112,143.32,216.687,46.7041,10.78,945,68.75,0,5.089,337.4,13.74
2014-07-21 00:00,113,161.165,336.627,15.2164,9.36,951,69.84,0,2.408,328.5,34.58
2014-07-22 00:00,114,165.4,345.115,16.3665,7.523,950,47.16,0,2.341,326,34.87
2014-07-23 00:00,115,158.571,296.582,24.308,11.63,944,36.37,0,3.824,330.6,21.27
2014-07-24 00:00,116,157.453,296.425,23.5254,10.03,946,67.46,0,2.988,325.9,37.57
2014-07-25 00:00,117,152.28,234.283,48.0915,14.71,938,18.81,0,3.674,340.8,10.36
2014-07-26 00:00,118,126.407,155.55,68.9347,13.07,937,56.91,0,4.441,319.8,24.25
2014-07-27 00:00,119,128.278,147.67,61.5079,9.83,943,46.98,0,5.628,332.7,10.42
2014-07-28 00:00,120,99.7978,56.8877,77.19,11.4,951,74.83,0,3.406,332.3,14.95
2014-07-29 00:00,121,163.22,286.139,25.7369,10.72,956,77.14,0,3.395,302.9,37.21
2014-07-30 00:00,122,166.102,308.965,23.9092,11.11,952,43.56,0,2.458,321.1,37.14
2014-07-31 00:00,123,158.53,256.239,35.4646,18.25,948,40.17,0,5.427,346,7.157
2014-08-01 00:00,124,161.01,274.502,30.0512,19.15,944,87.3,0,4.786,341.5,17.55
2014-08-02 00:00,125,119.519,114.675,57.4069,13.35,945,97.9,0,1.834,286.5,14.37
2014-08-03 00:00,126,134.218,170.007,47.0913,18.03,942,17.04,0,4.174,341.3,21.6
2014-08-04 00:00,127,162.18,251.055,37.126,22.55,941,74.83,0,6.309,341.3,17.92
2014-08-05 00:00,128,46.7981,12.3617,41.2625,13.83,940,66.31,0,3.066,318.6,30.3
2014-08-06 00:00,129,180.633,292.829,39.2992,12.34,943,51.35,0,3.355,332.9,26.45
2014-08-07 00:00,130,176.597,307.914,22.0765,10.53,944,62.88,0,2.123,328.1,27.81
2014-08-08 00:00,131,165.205,253.895,38.7954,9.9,948,85,0,3.092,301.7,29.27
2014-08-09 00:00,132,42.3473,1.11167,41.7349,12.53,948,94.1,0,2.98,321.3,42.54
2014-08-10 00:00,133,72.0141,36.3138,59.4465,13.32,947,95.8,0,1.939,304.2,37.99
2014-08-11 00:00,134,154.117,167.855,63.2269,14.15,948,93.5,0,2.807,299.5,30.52
2014-08-12 00:00,135,151.897,192.861,47.5756,17.32,945,53.75,0,3.004,324.7,45.38
2014-08-13 00:00,136,168.358,241.863,46.1899,19.02,943,61.71,0,4.871,335.9,42.09
2014-08-14 00:00,137,172.305,233.285,44.8621,20.6,939,47.63,0,6.436,339.5,17.5
2014-08-15 00:00,138,193.075,345.846,22.8003,13.25,946,73.36,0,2.484,315.7,30.74
2014-08-16 00:00,139,148.717,190.093,63.4526,10.86,951,93.4,0,3.543,287.9,23.58
2014-08-17 00:00,140,170.02,236.264,37.6685,12.02,952,74.11,0,2.076,316.7,28.76
2014-08-18 00:00,141,138.532,132.94,68.3985,16.89,945,49.37,0,2.137,306.5,44.94
2014-08-19 00:00,142,185.057,265.452,43.0302,22.14,937,32.62,0,6.336,337.9,13.07
2014-08-20 00:00,143,169.456,198.501,63.3574,19.86,937,52.99,0,4.93,334.6,20.55
2014-08-21 00:00,144,75.0008,108.034,31.0758,11.77,940,77.3,0,4.022,335.7,26.99
2014-08-22 00:00,145,208.972,355.495,23.3781,10.09,940,69.66,0,4.811,332.3,18.46
2014-08-23 00:00,146,191.595,269.27,53.5716,10.48,944,57.83,0,5.01,325.4,11.91
2014-08-24 00:00,147,216.166,371.093,22.449,9.55,944,75.2,0,3.571,321.4,26.02
2014-08-25 00:00,148,211.834,348.332,23.1118,9.41,946,70.63,0,2.722,321.5,36.31
2014-08-26 00:00,149,223.118,385.98,19.077,13.39,942,17.8,0,3.025,334.3,25.07
2014-08-27 00:00,150,223.937,388.575,20.2425,14.75,941,55.49,0,3.113,322.2,33.29
2014-08-28 00:00,151,228.733,394.58,20.959,14.4,935,57.04,0,4.141,323.2,18.75
2014-08-29 00:00,152,176.372,226.153,54.898,9.61,937,80.1,0,5.558,329.8,13.62
2014-08-30 00:00,153,152.19,85.0911,102.004,7.051,950,86.1,0,4.744,317.5,16.29
2014-08-31 00:00,154,181.628,226.917,78.3414,7.638,955,90.7,0,2.485,286.8,26.68
2014-09-01 00:00,155,233.623,379.084,23.7123,10.01,952,89,0,2.569,294,31.81
2014-09-02 00:00,156,213.014,298.454,38.3152,13.04,949,55.94,0,1.631,293.5,29.3
2014-09-03 00:00,157,237.297,385.935,25.0752,17.33,946,22.91,0,3.222,340.4,25.58
2014-09-04 00:00,158,220.153,279.922,57.3156,20.5,945,38.06,0,4.246,336.1,24.47
2014-09-05 00:00,159,229.203,336.038,37.6602,16.91,946,20.81,0,2.053,303.8,38.27
2014-09-06 00:00,160,236.025,352.129,34.9413,23.69,943,54.65,0,5.229,343.7,16.73
2014-09-07 00:00,161,187.731,156.33,98.7303,18.67,943,83,0,3.365,306.6,23.23
2014-09-08 00:00,162,250.772,399.738,24.6498,17.31,944,23.44,0,2.02,320.2,25.17
2014-09-09 00:00,163,232.368,333.131,40.5682,14.84,947,84.5,0,2.835,284,19.04
2014-09-10 00:00,164,239.609,334.67,35.9165,17.24,941,87.7,0,2.253,283.7,13.64
2014-09-11 00:00,165,237.914,302.737,52.9153,16.1,941,85.6,0,3.491,281.1,10.86
2014-09-12 00:00,166,233.966,299.918,44.8894,14.87,939,92,0,1.898,292.9,19.01
2014-09-13 00:00,167,248.729,339.393,42.37,16.53,943,83.9,0,1.794,295.8,29.07
2014-09-14 00:00,168,230.868,255.551,70.2009,16.38,943,70.99,0,1.74,283.5,16.21
2014-09-15 00:00,169,151.23,84.8945,87.6503,18.3,940,36.79,0,3.013,316.3,33.39
2014-09-16 00:00,170,243.149,323.935,45.3217,23.7,942,22.93,0,2.985,320.7,31.94
2014-09-17 00:00,171,228.664,220.399,97.6414,18.63,941,88.9,0,2.46,281.8,11.45
2014-09-18 00:00,172,151.389,81.8208,93.3053,22.4,933,71.56,0,6.176,333.6,28.17
2014-09-19 00:00,173,195.923,204.888,72.577,16.08,936,42.24,0,7.537,326.7,9.8
2014-09-20 00:00,174,278.294,424.705,25.1376,11.28,948,61.26,0,5.75,314.7,16.85
2014-09-21 00:00,175,267.184,380.093,40.7688,11.16,950,55.59,0,2.225,300.4,34.3
2014-09-22 00:00,176,275.873,410.719,28.5828,14.25,947,71.75,0,2.526,290.4,24.25
2014-09-23 00:00,177,226.977,190.423,86.022,18.22,942,38.7,0,3.012,293.8,29.03
2014-09-24 00:00,178,156.502,66.8294,112.872,23.94,940,96.2,0,5.055,331.2,26.85
2014-09-25 00:00,179,175.645,239.304,26.8242,16.56,940,84.9,0,3.329,307.3,31.08
2014-09-26 00:00,180,265.528,339.166,38.3802,15.86,942,91.1,0,2.382,285.8,13.05
2014-09-27 00:00,181,245.592,291.556,43.0468,15.55,939,80.5,0,2.482,282.2,11.26
2014-09-28 00:00,182,188.629,133.448,110.656,12.72,945,73.86,0,4.469,296.6,15.28
2014-09-29 00:00,183,214.007,80.7328,155.38,11.3,945,85.5,0,7.044,278,21.8
2014-09-30 00:00,184,244.638,241.425,86.6878,14.33,940,93.6,0,2.665,297.6,20.08
2014-10-01 00:00,185,104.492,10.1404,96.8828,11.06,943,96.7,0,2.952,316.2,17.83
2014-10-02 00:00,186,201.932,105.317,129.79,13.95,949,95,0,3.676,279.7,8.78
2014-10-03 00:00,187,256.472,268.148,75.6662,13.15,948,96.9,0,2.912,284.4,12.24
2014-10-04 00:00,188,266.875,300.735,62.2613,13.72,948,84.5,0,2.194,290.3,16.66
2014-10-05 00:00,189,305.204,446.257,23.7898,14.53,949,91.9,0,2.626,293.6,27.55
2014-10-06 00:00,190,285.985,356.236,39.0078,17.34,946,48.18,0,1.864,292.6,28.76
2014-10-07 00:00,191,303.971,407.428,39.72,24.89,940,25.62,0,4.244,338.4,18.17
2014-10-08 00:00,192,256.348,267.664,68.0003,24.2,936,72.72,0,5.895,317.5,30.27
2014-10-09 00:00,193,194.67,111.845,114.358,15.87,936,61.73,0,3.544,289.3,17.03
2014-10-10 00:00,194,226.148,164.72,134.989,12.63,941,66.6,0,3.913,288.8,10.68
2014-10-11 00:00,195,272.566,230.147,118.681,12.46,946,87.2,0,4.918,280.2,22.47
2014-10-12 00:00,196,284.052,302.853,75.1784,16.95,940,79.57,0,2.489,283.5,19.02
2014-10-13 00:00,197,303.026,381.09,56.9144,17.85,943,69.46,0,3.545,283.4,25.35
2014-10-14 00:00,198,276.383,274.998,92.9297,16.86,947,84.2,0,5.125,276.6,14.08
2014-10-15 00:00,199,304.038,341.082,75.5115,18.1,939,77.59,0,2.621,286.5,9.38
2014-10-16 00:00,200,298.959,315.869,67.5033,17.97,938,78.22,0,4.304,298.4,28.86
2014-10-17 00:00,201,159.381,50.4426,124.276,14.88,940,84.4,0,4.576,288.9,12
2014-10-18 00:00,202,159.27,92.8251,117.361,11.22,949,81.5,0,4.032,278.3,10.5
2014-10-19 00:00,203,337.322,474.995,27.0366,13.92,944,54.27,0,1.886,295.5,29.18
2014-10-20 00:00,204,333.855,470.352,26.7962,19.04,941,83.2,0,3.527,289.8,25.16
2014-10-21 00:00,205,213.756,166.397,97.723,16.67,943,85.8,0,3.996,282.4,9.62
2014-10-22 00:00,206,247.121,244.84,75.6235,18.09,943,91.2,0,3.248,282.6,9.67
2014-10-23 00:00,207,300.516,347.014,44.3339,20.82,941,57.19,0,2.648,283.9,13.89
2014-10-24 00:00,208,312.129,333.348,74.6513,23.09,937,59.45,0,3.546,284.6,21.14
2014-10-25 00:00,209,319.602,368.236,68.7122,18.29,942,78.79,0,4.811,280.5,13.3
2014-10-26 00:00,210,161.729,28.1728,139.56,16.75,945,80.4,0,7.424,278.7,20.59
2014-10-27 00:00,211,331.733,435.069,40.4376,19,944,71.95,0,3.857,284.5,10.61
2014-10-28 00:00,212,289.527,303.395,66.0942,24.73,939,50.63,0,5.697,335,23.62
2014-10-29 00:00,213,186.79,129.979,102.599,22.31,938,97.2,0,3.702,291.4,35.45
2014-10-30 00:00,214,324.56,382.923,58.4208,25.25,934,80.6,0,5.006,329.1,24.25
2014-10-31 00:00,215,329.03,403.524,47.3362,20.06,939,93.9,0,5.025,293.2,29.8
2014-11-01 00:00,216,125.365,0.491716,126.669,13.37,945,81.1,0,6.974,278,16.68
2014-11-02 00:00,217,120.896,25.2779,107.174,15.17,940,90.6,0,2.451,285,27.91
2014-11-03 00:00,218,284.254,251.85,78.6744,20.14,940,86.4,0,2.722,282.1,12.86
2014-11-04 00:00,219,196.909,139.383,108.051,22,938,92.1,0,2.272,295.1,41.16
2014-11-05 00:00,220,209.423,152.48,94.4503,17.31,940,85.1,0,4.936,319.7,18.31
2014-11-06 00:00,221,306.952,351.42,95.7932,17.51,948,83.2,0,3.69,302.3,31.14
2014-11-07 00:00,222,340.236,352.469,47.2278,19.72,946,84.1,0,2.923,283.4,13.27
2014-11-08 00:00,223,313.398,291.573,69.8424,19.31,943,78.95,0,3.598,282.1,9.54
2014-11-09 00:00,224,321.079,283.103,78.0439,23.94,936,42.16,0,2.936,293.4,22.87
2014-11-10 00:00,225,290.925,249.451,93.4891,22.88,935,75.25,0,3.7,287.7,23.51
2014-11-11 00:00,226,207.43,63.3748,156.525,18.36,940,83.8,0,7.066,278.1,18.36
2014-11-12 00:00,227,210.951,163.412,66.122,18.69,938,77.48,0,3.666,279.8,35.96
2014-11-13 00:00,228,180.544,52.5981,152.722,20.21,931,72.89,0,3.865,320.1,38.01
2014-11-14 00:00,229,261.307,115.67,223.124,17.88,937,92.2,0,4.839,321.4,17.14
2014-11-15 00:00,230,340.171,210.329,241.79,19.61,936,30.49,0,3.277,320.1,18.55
2014-11-16 00:00,231,339.776,299.226,152.576,13.6,943,78,0,7.162,317.4,11.26
2014-11-17 00:00,232,323.736,244.93,154.406,12.39,949,72.64,0,2.969,297.3,21.8
2014-11-18 00:00,233,360.832,414.518,52.8344,14.29,950,81.1,0,3.046,282.2,24.66
2014-11-19 00:00,234,379.471,515.142,27.5417,16.44,947,77.36,0,2.332,282,10.52
2014-11-20 00:00,235,341.18,350.414,70.0373,17.06,942,72.98,0,2.051,283.2,12.34
2014-11-21 00:00,236,325.902,357.837,90.8544,17.93,939,81.9,0,2.763,285.6,19.58
2014-11-22 00:00,237,384.425,526.62,26.3712,18.78,941,71.07,0,2.75,282.6,12.69
2014-11-23 00:00,238,364.995,429.798,50.7535,21.62,939,70.07,0,3.535,288.2,16.71
2014-11-24 00:00,239,132.035,30.0339,106.897,20.07,938,98.7,0,4.153,293.9,42.08
2014-11-25 00:00,240,215.885,120.056,129.51,17.74,943,93.1,0,3.796,285,17.92
2014-11-26 00:00,241,290.993,244.448,121.165,18.94,942,93.3,0,4.387,285,13.45
2014-11-27 00:00,242,260.696,198.351,93.9683,22.61,934,33.83,0,3.423,305.5,24.32
2014-11-28 00:00,243,384.575,481.909,47.5332,20.69,934,73.31,0,5.105,315.2,21.22
2014-11-29 00:00,244,370.974,401.945,62.334,19.34,941,72.27,0,3.397,288,20.45
2014-11-30 00:00,245,348.35,374.45,90.34,20.04,942,76.77,0,3.301,279.9,14.84
2014-12-01 00:00,246,382.84,496.377,35.2481,22.87,941,73.36,0,2.98,284.5,11.5
2014-12-02 00:00,247,380.301,495.291,33.3027,25.43,938,64.13,0,3.499,283.8,25.08
2014-12-03 00:00,248,77.6692,0.154946,78.629,17.17,940,98.3,0,5.416,280,10.15
2014-12-04 00:00,249,138.115,23.0587,125.31,17.82,938,92.2,0,4.938,282,14.67
2014-12-05 00:00,250,223.584,97.3202,161.424,18.22,940,84.5,0,4.577,281.3,10.8
2014-12-06 00:00,251,242.401,126.242,174.326,16.93,945,87.1,0,4.637,279.7,8.43
2014-12-07 00:00,252,285.178,288.809,78.8119,19.56,943,85,0,3.208,283.6,8.85
2014-12-08 00:00,253,344.721,359.522,59.8227,22.36,938,81.2,0,2.746,287,11.35
2014-12-09 00:00,254,279.915,213.636,110.74,24.19,936,67.29,0,1.778,288.5,22.23
2014-12-10 00:00,255,313.112,285.743,87.8896,25.43,935,86.9,0,4.385,300.6,36.26
2014-12-11 00:00,256,157.799,14.3196,153.102,19.43,941,81.5,0,4.608,278.8,10.78
2014-12-12 00:00,257,332.519,305.106,80.3794,21.85,937,81.2,0,4.439,283.8,12.18
2014-12-13 00:00,258,337.774,383.002,89.6234,21.96,938,62.14,0,4.499,297.9,26.98
2014-12-14 00:00,259,350.397,375.471,64.6396,20.48,941,76.34,0,4.035,279.4,9.49
2014-12-15 00:00,260,387.253,490.489,39.7457,21.39,937,77.67,0,4.673,282.1,18.74
2014-12-16 00:00,261,75.0335,0.13809,75.9474,15.65,942,82.3,0,6.123,279.5,11.13
2014-12-17 00:00,262,280.857,245.394,140.813,19.45,943,83.4,0,3.999,281.2,9.39
2014-12-18 00:00,263,398.906,537.288,27.8037,21.95,941,58.53,0,1.94,286.1,23.57
2014-12-19 00:00,264,395.342,525.947,29.9097,23.91,937,71.99,0,3.827,287.7,26.18
2014-12-20 00:00,265,390.745,483.712,39.8863,21.36,938,69.93,0,3.125,282.3,17.65
2014-12-21 00:00,266,366.713,414.101,49.5341,21.07,939,69.3,0,3.721,284.3,15.46
2014-12-22 00:00,267,397.204,519.087,33.969,21.18,937,63,0,3.748,295.6,21.78
2014-12-23 00:00,268,395.975,529.151,30.0219,21.92,939,73.17,0,3.273,279.3,11.72
2014-12-24 00:00,269,388.539,491.633,38.0972,22.63,936,69.86,0,3.346,285.8,17.07
2014-12-25 00:00,270,394.819,530.958,29.1978,24.65,937,71.28,0,2.127,299.9,23.22
2014-12-26 00:00,271,398.957,528.846,31.3968,25.31,933,68.86,0,4.682,302.1,21.86
2014-12-27 00:00,272,340.531,329.114,87.1016,20.73,937,75.52,0,5.323,279.9,17.27
2014-12-28 00:00,273,296.402,236.222,129.705,19.99,936,79.5,0,4.447,289.6,14.87
2014-12-29 00:00,274,327.273,289.683,96.8836,20.59,940,77.99,0,5.76,279.7,12.59
2014-12-30 00:00,275,335.214,311.041,105.116,21.26,941,94,0,5.025,279.4,13.21
2014-12-31 00:00,276,281.32,233.176,115.816,21.79,939,84,0,4.623,283.6,14.4
2015-01-01 00:00,277,266.527,145.528,151.139,21.3,937,81.2,0,5.076,283,14.66